0.611496 0.529441 0.991146
0.378941 0.570048 0.893478
0.350187 0.367638 0.851685
0.213366 0.675159 0.811546
0.142945 0.591586 0.826945
0.318932 0.344848 0.840669
0.230324 0.325942 0.796504
0.224657 0.528300 0.967765
0.243646 0.476962 0.962655
0.212756 0.496171 0.956231
0.288604 0.423853 0.950162
0.234525 0.441080 0.946577
0.303157 0.641446 0.898887
0.288276 0.633848 0.917554
0.286366 0.649300 0.892166
0.369903 0.583653 0.889411
0.241783 0.420217 0.924387
0.361864 0.488107 0.922761
0.196101 0.658339 0.821033
0.237990 0.459229 0.966541
0.132654 0.437685 0.810325
0.206389 0.536418 0.947047
0.347843 0.651828 0.856497
0.211569 0.640337 0.864223
0.267819 0.635176 0.897768
0.352212 0.586812 0.912079
0.317679 0.400257 0.927066
0.348459 0.644914 0.859749
0.234090 0.583416 0.950689
0.229004 0.631555 0.911280
0.352903 0.611034 0.886872
0.302757 0.375619 0.897562
0.302787 0.697023 0.782446
0.290099 0.696738 0.788879
0.310883 0.697085 0.789987
0.328840 0.690033 0.789082
0.282910 0.693482 0.795828
0.291979 0.693398 0.806561
0.316317 0.687874 0.800481
0.253122 0.686277 0.804522
0.345053 0.680707 0.799528
0.325040 0.678957 0.828143
0.233474 0.375565 0.880735
0.335469 0.685009 0.803028
0.297092 0.689224 0.815556
0.311929 0.688018 0.809691
0.277706 0.692889 0.820055
0.263676 0.688302 0.828163
0.247697 0.675253 0.829579
0.234507 0.685467 0.844520
0.347785 0.675522 0.808188
0.197203 0.673548 0.805493
0.330528 0.678830 0.827991
0.228375 0.668419 0.837111
0.319721 0.674907 0.838160
0.355676 0.671561 0.807870
0.287147 0.672053 0.835718
0.344150 0.672846 0.813247
0.362948 0.665296 0.790973
0.610235 0.526122 0.994488
0.259649 0.675985 0.846972
0.226387 0.660728 0.847569
0.234595 0.671383 0.840119
0.211016 0.664002 0.842236
0.188441 0.663400 0.793286
0.305393 0.664054 0.856368
0.612449 0.528897 0.989629
0.365630 0.659531 0.804033
0.222503 0.571078 0.962835
0.255759 0.665678 0.859693
0.338103 0.662693 0.846348
0.369222 0.493035 0.921530
0.354840 0.658943 0.818918
0.296599 0.444194 0.951686
0.244439 0.660382 0.855210
0.288356 0.662646 0.866370
0.252740 0.640569 0.889243
0.176908 0.650683 0.802107
0.266544 0.659201 0.871697
0.236991 0.621242 0.915474
0.219028 0.654001 0.860209
0.321070 0.650276 0.869310
0.378058 0.646847 0.822412
0.343202 0.407420 0.916424
0.368609 0.647219 0.831137
0.236387 0.651754 0.866466
0.342684 0.648780 0.864814
0.402747 0.635575 0.802349
0.191649 0.653017 0.827893
0.203132 0.637469 0.882079
0.200940 0.643731 0.851101
0.161242 0.638174 0.788259
0.262510 0.650553 0.881806
0.361351 0.640802 0.840691
0.391744 0.632527 0.813568
0.329828 0.644603 0.873342
0.267254 0.629072 0.918500
0.317153 0.631891 0.896734
0.328178 0.615882 0.905810
0.375232 0.641402 0.826706
0.232154 0.640237 0.891975
0.173507 0.634533 0.829724
0.245402 0.632923 0.904527
0.371736 0.640301 0.839053
0.280864 0.635151 0.910106
0.343950 0.631757 0.886446
0.180585 0.625369 0.846807
0.192920 0.652425 0.868742
0.224918 0.637124 0.892444
0.202449 0.618415 0.900846
0.405261 0.617623 0.815298
0.354142 0.636732 0.874480
0.207586 0.615014 0.902865
0.175516 0.613393 0.866118
0.306345 0.626834 0.919194
0.156385 0.614576 0.817787
0.195854 0.627126 0.891402
0.303692 0.622015 0.927123
0.235199 0.630974 0.914136
0.283190 0.628880 0.926999
0.316848 0.608060 0.926238
0.393887 0.615557 0.822445
0.355269 0.606928 0.891625
0.403756 0.598085 0.811864
0.376825 0.610315 0.850637
0.160795 0.608966 0.867295
0.610762 0.527830 0.995960
0.161391 0.606207 0.840455
0.304626 0.593880 0.941485
0.289218 0.607787 0.937887
0.348403 0.611569 0.899600
0.371802 0.603605 0.877058
0.389255 0.594892 0.851229
0.241519 0.612213 0.922458
0.256852 0.611221 0.924449
0.333908 0.595287 0.918750
0.190424 0.603376 0.895910
0.393537 0.593546 0.839040
0.369737 0.598403 0.882118
0.278707 0.611712 0.931795
0.406600 0.597022 0.812378
0.211895 0.606065 0.905110
0.310753 0.601073 0.941076
0.385873 0.587439 0.861911
0.612266 0.529492 0.991277
0.239732 0.604103 0.931905
0.359225 0.602925 0.894576
0.268096 0.592091 0.949971
0.325823 0.599163 0.922242
0.132680 0.598783 0.798601
0.223001 0.606180 0.915767
0.286782 0.594611 0.947307
0.397142 0.583503 0.839784
0.609355 0.521700 0.997777
0.201414 0.587377 0.919513
0.335847 0.585917 0.934610
0.422394 0.578365 0.787047
0.185184 0.579115 0.898279
0.394801 0.579563 0.869526
0.244931 0.591771 0.941276
0.301908 0.583053 0.947218
0.414079 0.576028 0.804094
0.217304 0.590861 0.919398
0.154946 0.593376 0.843545
0.270376 0.585021 0.955141
0.365568 0.568049 0.912495
0.284144 0.587390 0.950344
0.351224 0.578096 0.921073
0.220017 0.579514 0.935169
0.165862 0.582782 0.865223
0.152165 0.575163 0.852462
0.410541 0.572191 0.814937
0.200622 0.584581 0.930022
0.176180 0.573361 0.900263
0.225271 0.585687 0.930284
0.324954 0.584967 0.932174
0.401741 0.574543 0.840131
0.190466 0.577930 0.913701
0.196915 0.351449 0.796687
0.258266 0.573531 0.959931
0.416475 0.569568 0.805811
0.125353 0.574782 0.833338
0.384801 0.572409 0.884697
0.282077 0.568432 0.963403
0.140899 0.572612 0.844609
0.157564 0.564864 0.878552
0.116248 0.560789 0.788660
0.383003 0.565172 0.886354
0.389977 0.566696 0.862822
0.335484 0.571850 0.935814
0.406616 0.566935 0.824013
0.267344 0.561172 0.965969
0.141358 0.566702 0.851245
0.636844 0.528294 0.912793
0.255711 0.565247 0.965923
0.308996 0.570146 0.952112
0.421058 0.544633 0.814333
0.241315 0.577244 0.955559
0.364863 0.543188 0.925405
0.402258 0.566309 0.853386
0.196875 0.574930 0.929780
0.374427 0.556964 0.893656
0.248621 0.559989 0.964371
0.203506 0.564304 0.944851
0.321762 0.560657 0.955850
0.156612 0.548539 0.882669
0.176270 0.545567 0.919359
0.371173 0.549497 0.896556
0.343272 0.559425 0.936964
0.627012 0.538197 0.851485
0.620767 0.547240 0.802824
0.611670 0.546334 0.791253
0.625449 0.546622 0.803675
0.637246 0.546761 0.803339
0.619502 0.545426 0.814083
0.630275 0.545821 0.793157
0.653141 0.531566 0.895352
0.144963 0.551102 0.854464
0.636021 0.539695 0.844677
0.625939 0.542516 0.831090
0.380701 0.558081 0.884441
0.616961 0.533644 0.980122
0.613343 0.528249 0.989144
0.635511 0.535314 0.889083
0.635692 0.533596 0.904067
0.614601 0.530733 0.983513
0.149766 0.550323 0.864695
0.632975 0.529567 0.917817
0.285284 0.560375 0.964052
0.623209 0.535121 0.922307
0.632094 0.536433 0.863037
0.643982 0.530513 0.886100
0.621884 0.533449 0.963211
0.637500 0.521421 0.930662
0.622596 0.538600 0.953675
0.383629 0.550066 0.859296
0.630844 0.535936 0.895075
0.631480 0.538717 0.784053
0.622097 0.536899 0.843383
0.640887 0.535005 0.825233
0.621653 0.533634 0.919474
0.638292 0.533149 0.852644
0.634685 0.534543 0.814169
0.222577 0.557384 0.951324
0.340735 0.537651 0.947054
0.123854 0.556188 0.808008
0.368139 0.537107 0.924311
0.379010 0.546836 0.870246
0.609022 0.520841 0.998084
0.615954 0.526582 0.982153
0.618545 0.534091 0.876710
0.619771 0.535137 0.964230
0.199063 0.549315 0.942613
0.293814 0.549442 0.960855
0.609183 0.522187 0.997528
0.367418 0.529962 0.930614
0.618833 0.524407 0.966435
0.606193 0.527740 0.819999
0.337596 0.541820 0.946513
0.131458 0.546536 0.823477
0.630793 0.520119 0.943086
0.292064 0.558079 0.961328
0.620930 0.527390 0.948031
0.637569 0.520664 0.931273
0.611090 0.520632 0.870769
0.404441 0.544976 0.831390
0.649973 0.523586 0.898075
0.286962 0.548718 0.964743
0.432894 0.528320 0.812885
0.347244 0.534265 0.948478
0.134526 0.530856 0.851115
0.370977 0.538887 0.898494
0.615718 0.528916 0.892990
0.626585 0.522252 0.950128
0.632340 0.528664 0.798088
0.438104 0.539324 0.800094
0.653161 0.523243 0.833220
0.615781 0.532992 0.980223
0.651143 0.525197 0.861813
0.647175 0.526970 0.878545
0.621343 0.530048 0.933841
0.618707 0.532565 0.913468
0.391332 0.533623 0.850149
0.138970 0.535352 0.861577
0.307790 0.532161 0.944345
0.375069 0.536157 0.881489
0.403034 0.518778 0.836815
0.623319 0.525586 0.963070
0.616934 0.524061 0.980280
0.610327 0.516508 0.839859
0.255395 0.539107 0.966501
0.662486 0.521334 0.889984
0.382192 0.534925 0.859784
0.613299 0.525614 0.850410
0.613486 0.526198 0.860077
0.615305 0.523939 0.908780
0.637393 0.520468 0.807603
0.598001 0.522536 0.789359
0.370699 0.519042 0.910205
0.614825 0.514811 0.918197
0.149991 0.528357 0.884716
0.217274 0.537642 0.969223
0.243406 0.539069 0.979891
0.347796 0.524082 0.942174
0.659125 0.519099 0.924299
0.327573 0.534948 0.943890
0.118592 0.535658 0.804452
0.629378 0.517752 0.946824
0.648303 0.520168 0.924563
0.369678 0.530522 0.909769
0.373505 0.527003 0.889759
0.375401 0.522129 0.875484
0.387235 0.524237 0.862691
0.615229 0.526000 0.978296
0.611710 0.516744 0.988061
0.618858 0.516449 0.954278
0.611577 0.521631 0.889382
0.608514 0.512349 0.861918
0.639077 0.511815 0.801498
0.650364 0.506604 0.819319
0.316155 0.522928 0.947846
0.263353 0.527305 0.969218
0.295078 0.526774 0.960735
0.298790 0.524323 0.953841
0.362555 0.524244 0.934752
0.214571 0.543289 0.952037
0.619102 0.520922 0.975047
0.626090 0.515549 0.954363
0.670898 0.514184 0.843120
0.272739 0.534623 0.965859
0.186492 0.533096 0.939744
0.364974 0.522068 0.930840
0.607926 0.520089 0.825053
0.666920 0.514727 0.908512
0.622714 0.513488 0.964501
0.135381 0.519005 0.859579
0.441583 0.521400 0.805562
0.281614 0.514960 0.963678
0.655700 0.517841 0.904832
0.371488 0.505770 0.921487
0.256265 0.522807 0.984993
0.626904 0.504722 0.952621
0.441379 0.501166 0.810187
0.618923 0.514566 0.972354
0.617725 0.519022 0.965417
0.653997 0.520779 0.858431
0.340538 0.509247 0.960619
0.437746 0.507606 0.810322
0.612161 0.507367 0.905247
0.651322 0.516934 0.900040
0.632432 0.519106 0.931526
0.360132 0.507433 0.933754
0.396130 0.504899 0.859950
0.616015 0.507931 0.928384
0.374987 0.517399 0.892237
0.107925 0.504378 0.783985
0.174727 0.522851 0.924897
0.418961 0.521649 0.827717
0.613718 0.514164 0.983719
0.642626 0.520588 0.913050
0.652562 0.517393 0.884916
0.127278 0.528800 0.833133
0.213806 0.528150 0.953563
0.231649 0.501474 0.969344
0.244752 0.513197 0.983646
0.606263 0.494536 0.892191
0.609484 0.513151 0.835034
0.650062 0.505800 0.837687
0.308716 0.508997 0.967189
0.604060 0.509206 0.816953
0.605746 0.502079 0.879100
0.653702 0.498978 0.809484
0.619033 0.495524 0.946914
0.384245 0.509130 0.869218
0.624231 0.505780 0.961271
0.623854 0.504161 0.956326
0.442299 0.497123 0.813851
0.607662 0.505884 0.850871
0.641492 0.513754 0.861707
0.646632 0.501135 0.845514
0.630757 0.503761 0.947838
0.397334 0.499117 0.845457
0.621466 0.506353 0.966264
0.614985 0.514416 0.977500
0.598957 0.494090 0.810668
0.646477 0.514133 0.880007
0.617647 0.486220 0.939119
0.632493 0.513915 0.888863
0.630812 0.511355 0.902456
0.618562 0.506055 0.969824
0.114224 0.517079 0.808666
0.364818 0.498100 0.928069
0.222911 0.503986 0.959798
0.349314 0.507500 0.951482
0.611138 0.494014 0.904397
0.324756 0.508867 0.953995
0.421653 0.493024 0.817726
0.605764 0.496532 0.867139
0.371965 0.510656 0.908175
0.625201 0.516169 0.927522
0.381965 0.494580 0.891838
0.607857 0.499234 0.834424
0.400770 0.492847 0.844890
0.611745 0.497655 0.897906
0.327962 0.498989 0.958003
0.443502 0.490373 0.810788
0.459238 0.506606 0.802603
0.142662 0.500422 0.876380
0.655847 0.496883 0.816480
0.192508 0.532200 0.957842
0.269225 0.505896 0.968613
0.418975 0.503947 0.826159
0.285915 0.503983 0.975348
0.622543 0.496974 0.947061
0.392636 0.495453 0.859233
0.640637 0.494011 0.856213
0.619124 0.504592 0.930955
0.429718 0.486882 0.815883
0.620615 0.495830 0.949298
0.450510 0.499107 0.809426
0.631370 0.506922 0.894205
0.636394 0.490093 0.803857
0.588092 0.495196 0.785105
0.614910 0.503195 0.915888
0.614762 0.496990 0.901359
0.622478 0.508270 0.913698
0.157578 0.497946 0.887400
0.123449 0.500460 0.837494
0.167533 0.503918 0.920413
0.370976 0.486224 0.906564
0.289880 0.498245 0.973176
0.292973 0.486263 0.970370
0.310758 0.479776 0.958892
0.362413 0.496407 0.928591
0.256802 0.498688 0.975075
0.455848 0.492337 0.802139
0.403382 0.498964 0.835601
0.607912 0.493930 0.866817
0.604401 0.488675 0.815903
0.629704 0.497298 0.909630
0.628285 0.484356 0.836357
0.378713 0.497202 0.908141
0.619340 0.494018 0.879476
0.340240 0.495975 0.948372
0.187302 0.512231 0.947181
0.630559 0.469907 0.796652
0.638730 0.488797 0.864339
0.450681 0.472502 0.799943
0.231645 0.484261 0.963092
0.595849 0.484695 0.799117
0.615111 0.483763 0.823825
0.630511 0.481500 0.878384
0.635266 0.484515 0.865188
0.639310 0.490380 0.836745
0.615086 0.487912 0.863171
0.617642 0.481975 0.816918
0.165076 0.488946 0.912658
0.422183 0.481972 0.816606
0.626078 0.477738 0.826280
0.107557 0.464082 0.795852
0.623782 0.483474 0.842682
0.620141 0.480122 0.829444
0.412547 0.484837 0.828172
0.138903 0.490129 0.865583
0.619641 0.480435 0.797164
0.613547 0.479426 0.788429
0.180307 0.497791 0.928213
0.145832 0.487717 0.881177
0.157180 0.488039 0.890451
0.390554 0.484734 0.877275
0.203150 0.513538 0.952123
0.267329 0.479897 0.965166
0.417058 0.482834 0.826520
0.319527 0.480609 0.957070
0.116525 0.480902 0.799107
0.390630 0.474695 0.886468
0.376823 0.476779 0.908205
0.615869 0.533172 1.000000
0.146493 0.474165 0.869058
0.372482 0.464511 0.904627
0.442954 0.465759 0.799667
0.379757 0.477549 0.895197
0.360697 0.474807 0.920813
0.394020 0.459913 0.895392
0.158651 0.469917 0.901793
0.174218 0.483246 0.921481
0.334726 0.473225 0.959881
0.223785 0.483336 0.958049
0.279504 0.484194 0.965825
0.401476 0.479254 0.850486
0.117698 0.462147 0.814760
0.415055 0.456920 0.820726
0.308924 0.451606 0.952435
0.137692 0.470306 0.848008
0.210976 0.476949 0.950995
0.416341 0.459042 0.806506
0.389280 0.453498 0.883409
0.329184 0.459890 0.946316
0.201427 0.477251 0.946520
0.218006 0.478273 0.956396
0.291040 0.465330 0.956727
0.232970 0.466046 0.966758
0.177861 0.460879 0.919193
0.405173 0.460399 0.832783
0.197307 0.468319 0.933381
0.411182 0.453092 0.810034
0.128370 0.451717 0.828973
0.405336 0.446805 0.826392
0.426973 0.462937 0.805393
0.383309 0.455253 0.882692
0.246693 0.447556 0.956786
0.338241 0.468524 0.945657
0.187384 0.473486 0.931413
0.254565 0.458446 0.963102
0.139863 0.455999 0.848720
0.411772 0.441544 0.801276
0.271407 0.459941 0.959777
0.286067 0.439473 0.951036
0.395081 0.436773 0.861399
0.378639 0.447943 0.886796
0.342493 0.458916 0.936259
0.214443 0.457553 0.940014
0.183170 0.454643 0.919957
0.164877 0.452924 0.881467
0.359115 0.445975 0.919760
0.229444 0.461922 0.952273
0.398010 0.429504 0.862231
0.383108 0.425941 0.885668
0.346339 0.429351 0.930438
0.249550 0.441840 0.953821
0.263569 0.444359 0.958238
0.137874 0.441954 0.820599
0.394683 0.429177 0.873104
0.159457 0.429519 0.866331
0.183744 0.439108 0.910734
0.169246 0.436642 0.882684
0.278349 0.432328 0.951616
0.370023 0.436398 0.894819
0.316208 0.428472 0.938443
0.151392 0.451509 0.851266
0.203521 0.441176 0.915523
0.250569 0.430262 0.944176
0.336002 0.438104 0.930817
0.257561 0.424928 0.941292
0.223294 0.441445 0.941924
0.401837 0.428711 0.834849
0.367702 0.430976 0.899034
0.127812 0.421386 0.787840
0.216979 0.443800 0.936051
0.166846 0.429014 0.872128
0.343688 0.421985 0.929169
0.396689 0.414255 0.835481
0.390329 0.422504 0.858852
0.208993 0.423883 0.911644
0.228781 0.425403 0.933467
0.406554 0.422574 0.784540
0.336256 0.415062 0.938968
0.177204 0.426003 0.894526
0.379427 0.410593 0.876068
0.394952 0.419354 0.842251
0.217476 0.420758 0.909441
0.327643 0.431118 0.933688
0.272960 0.424790 0.950623
0.399728 0.418589 0.805607
0.314556 0.421555 0.936153
0.236534 0.430239 0.931384
0.360166 0.425108 0.908189
0.390703 0.415180 0.850816
0.297237 0.422484 0.948591
0.192701 0.418509 0.892178
0.174838 0.401201 0.852023
0.160728 0.424774 0.853397
0.396220 0.414768 0.843378
0.291686 0.405043 0.939007
0.374246 0.402558 0.886832
0.398499 0.403485 0.790237
0.180838 0.409339 0.876313
0.361865 0.401843 0.895826
0.166734 0.404354 0.831203
0.359142 0.414948 0.926907
0.316588 0.396003 0.925207
0.246662 0.397929 0.907098
0.260074 0.409962 0.950670
0.256439 0.405755 0.932870
0.394858 0.391212 0.796733
0.378108 0.394731 0.865133
0.390644 0.398148 0.826433
0.177700 0.392894 0.853334
0.397596 0.397173 0.818318
0.232908 0.409196 0.911248
0.351637 0.390511 0.908889
0.205313 0.396562 0.887380
0.184340 0.384509 0.844560
0.190148 0.398888 0.878627
0.160019 0.382601 0.794236
0.272698 0.382426 0.906625
0.353296 0.378452 0.874318
0.333237 0.397399 0.926161
0.316130 0.389269 0.912096
0.150236 0.408653 0.789336
0.392625 0.389532 0.819361
0.303687 0.382965 0.908662
0.293167 0.383129 0.923794
0.265053 0.387036 0.912745
0.235960 0.390908 0.891823
0.210708 0.384166 0.868758
0.340196 0.380805 0.892449
0.197813 0.374001 0.861879
0.316726 0.376384 0.899412
0.274470 0.375334 0.893039
0.376091 0.375953 0.824883
0.176614 0.378911 0.818089
0.362018 0.374638 0.851666
0.329896 0.362854 0.893522
0.386299 0.372847 0.790542
0.264630 0.364851 0.888477
0.392545 0.374839 0.798975
0.211271 0.375014 0.862087
0.350933 0.371789 0.868676
0.186395 0.364016 0.823127
0.174208 0.365317 0.802535
0.287503 0.372474 0.886256
0.339309 0.368666 0.872337
0.359126 0.367822 0.842521
0.245329 0.371169 0.878701
0.317551 0.371239 0.895717
0.199985 0.367239 0.838550
0.191215 0.354349 0.796926
0.250460 0.356109 0.864965
0.320008 0.362520 0.879729
0.375978 0.362662 0.789679
0.314850 0.365156 0.883691
0.230640 0.367136 0.865565
0.358665 0.353746 0.811255
0.259933 0.355066 0.877888
0.344864 0.335977 0.826165
0.292475 0.348462 0.872107
0.359927 0.332001 0.810124
0.336032 0.349129 0.848892
0.204511 0.348914 0.805521
0.209361 0.357900 0.830858
0.247377 0.339876 0.842173
0.305770 0.344903 0.869668
0.273739 0.341822 0.854869
0.253427 0.338788 0.850959
0.341707 0.336301 0.809931
0.301587 0.338252 0.850397
0.279795 0.336303 0.850128
0.228230 0.349536 0.836296
0.269078 0.336367 0.839168
0.346918 0.336124 0.795577
0.328747 0.340973 0.828586
0.288319 0.316884 0.828397
0.269176 0.323729 0.830182
0.259821 0.323360 0.829607
0.295237 0.330425 0.836002
0.307663 0.320329 0.822358
0.233476 0.328657 0.813617
0.245051 0.327274 0.825639
0.321997 0.324046 0.794507
0.290779 0.319991 0.810648
0.304666 0.314457 0.811820
0.264273 0.313723 0.806706
0.278064 0.319188 0.800981
0.305994 0.313511 0.783623
0.274029 0.407930 0.931920
0.310397 0.396594 0.922126
0.293857 0.395463 0.922636
0.277441 0.396653 0.919052
0.258599 0.395932 0.921535
0.177731 0.437645 0.896376
0.178077 0.415931 0.874580
0.344112 0.351550 0.828819
0.308455 0.377988 0.910361
0.328881 0.376670 0.896023
0.298152 0.355930 0.872306
0.310609 0.371246 0.889937
0.293533 0.362993 0.880949
0.251453 0.362793 0.874464
0.252351 0.368107 0.884787
0.268979 0.361587 0.881635
0.279581 0.348065 0.868728
0.250154 0.688441 0.790296
0.241824 0.687742 0.783154
0.377191 0.651830 0.802184
0.405643 0.633538 0.802683
0.393649 0.636727 0.800136
0.353626 0.674866 0.797555
0.309528 0.691268 0.801676
0.240579 0.675908 0.808450
0.220025 0.674223 0.819676
0.199407 0.662709 0.819002
0.188888 0.647972 0.836519
0.407341 0.627539 0.796039
0.169702 0.625112 0.850038
0.132338 0.591256 0.825734
0.143438 0.612483 0.800218
0.150441 0.595656 0.829454
0.121430 0.585629 0.783199
0.126274 0.593066 0.784924
0.127506 0.586762 0.796896
0.133220 0.576528 0.830866
0.123345 0.575076 0.810912
0.441667 0.532671 0.806846
0.118210 0.542716 0.805390
0.126865 0.493487 0.841866
0.131530 0.473385 0.834831
0.149066 0.420975 0.818809
0.119524 0.475903 0.819075
0.128715 0.463151 0.824228
0.313396 0.548522 0.952326
0.625417 0.527595 0.944620
0.332102 0.513434 0.944212
0.389773 0.382668 0.814905
0.382896 0.377884 0.809754
0.129558 0.498511 0.847584
0.144059 0.439427 0.830169
0.156672 0.430369 0.849589
0.146572 0.458356 0.856940
0.131678 0.419284 0.798690
0.185350 0.553807 0.927621
0.141593 0.415225 0.805111
0.387685 0.554910 0.857699
0.118435 0.451267 0.812835
0.379801 0.421060 0.886492
0.382730 0.563523 0.880328
0.393480 0.381753 0.803793
0.252811 0.590372 0.945733
0.229051 0.337206 0.818588
0.359792 0.365791 0.832098
0.363709 0.350038 0.800953
0.310792 0.341946 0.847484
0.330012 0.341327 0.843142
0.304973 0.341047 0.863757
0.278405 0.327451 0.831179
0.297727 0.316441 0.804851
0.244486 0.360690 0.870441
0.245344 0.344486 0.851548
0.240335 0.324389 0.835830
0.186437 0.367289 0.828425
0.217821 0.367312 0.852123
0.206124 0.366045 0.845330
0.224717 0.343015 0.825146
0.212714 0.348035 0.828448
0.222724 0.329610 0.795112
0.166715 0.371232 0.791530
0.303704 0.313346 0.801482
0.345493 0.587355 0.922617
0.617891 0.511105 0.938872
0.350399 0.562512 0.924062
0.352462 0.565924 0.919194
0.335364 0.522951 0.949026
0.195974 0.553534 0.935264
0.232061 0.522607 0.969557
0.350989 0.493317 0.947984
0.358699 0.492016 0.940631
0.344320 0.487043 0.946435
0.351458 0.476070 0.953861
0.360042 0.484750 0.932998
0.358215 0.455150 0.941374
0.317604 0.502070 0.959573
0.330071 0.498957 0.960802
0.304766 0.462088 0.955551
0.345040 0.442042 0.928330
0.298549 0.462122 0.962340
0.239877 0.520859 0.970543
0.262097 0.501603 0.975196
0.245144 0.499128 0.981214
0.252405 0.498512 0.988338
0.250000 0.468158 0.964507
0.242771 0.490120 0.979654
0.257567 0.482383 0.967027
0.240748 0.499073 0.973532
0.217379 0.518003 0.951873
0.209507 0.485696 0.955130
0.204500 0.501708 0.953265
0.347838 0.449964 0.929181
0.289283 0.430174 0.949412
0.282346 0.418636 0.943515
0.302459 0.394805 0.923505
0.298984 0.400093 0.931560
0.297782 0.401996 0.939776
0.308553 0.413549 0.935353
0.245328 0.438418 0.944656
0.277776 0.450335 0.957632
0.232207 0.447748 0.950101
0.280848 0.410955 0.940310
0.309338 0.669506 0.847963
0.293631 0.672794 0.836619
0.304195 0.682226 0.823628
0.325447 0.671348 0.838169
0.329046 0.663580 0.854644
0.323245 0.657456 0.863341
0.312704 0.651759 0.873789
0.312086 0.641321 0.890067
0.296616 0.647106 0.899590
0.302414 0.630446 0.914975
0.285483 0.637964 0.912369
0.266594 0.688361 0.829844
0.278310 0.685302 0.828422
0.266135 0.672592 0.852549
0.281520 0.669286 0.857088
0.294221 0.634552 0.905972
0.276751 0.639382 0.897624
0.286574 0.655839 0.877138
0.247258 0.645038 0.873676
0.281561 0.641971 0.907762
0.271512 0.631881 0.909356
0.198803 0.650804 0.841121
0.180929 0.646148 0.841134
0.403511 0.627617 0.804169
0.390400 0.582588 0.867796
0.367223 0.638514 0.847583
0.367043 0.628322 0.853793
0.370885 0.619334 0.856559
0.387481 0.601454 0.854574
0.368266 0.614537 0.868077
0.352897 0.593131 0.907327
0.341226 0.592091 0.918979
0.381368 0.583463 0.873481
0.367833 0.593161 0.887847
0.248804 0.627677 0.910197
0.219786 0.628092 0.892407
0.231569 0.625375 0.913101
0.200778 0.621656 0.900377
0.197109 0.619831 0.931129
0.197334 0.632620 0.888752
0.186610 0.624415 0.906766
0.192096 0.620216 0.883012
0.184469 0.597181 0.897644
0.178150 0.601051 0.883776
0.139015 0.583662 0.822441
0.173758 0.576442 0.895394
0.408267 0.555365 0.825346
0.412650 0.544459 0.829502
0.399083 0.565068 0.843656
0.416241 0.535871 0.825232
0.398216 0.520350 0.849726
0.427119 0.522696 0.820136
0.406275 0.517022 0.828800
0.392836 0.526683 0.850066
0.410796 0.500072 0.826689
0.362555 0.569470 0.918307
0.379388 0.562492 0.914511
0.190173 0.562415 0.913323
0.170121 0.574633 0.885482
0.177747 0.568448 0.901574
0.168126 0.553062 0.914689
0.163263 0.557801 0.885134
0.167738 0.537052 0.912537
0.165528 0.527136 0.922380
0.162750 0.520422 0.919247
0.159170 0.506967 0.916700
0.619161 0.484344 0.843282
0.408843 0.464668 0.829622
0.396295 0.475115 0.865158
0.400601 0.467057 0.857256
0.405056 0.465332 0.842040
0.402230 0.423927 0.821705
0.190364 0.500998 0.942546
0.194208 0.480205 0.942847
0.157789 0.518726 0.904740
0.140834 0.460887 0.860338
0.152463 0.464794 0.877037
0.157207 0.466340 0.886747
0.179517 0.448083 0.907825
0.174753 0.444980 0.899685
0.403601 0.434146 0.838901
0.369850 0.451573 0.898388
0.345731 0.415506 0.919674
0.320559 0.384717 0.908190
0.365834 0.380187 0.863613
0.325761 0.381223 0.908808
0.339097 0.392020 0.912050
0.357566 0.391650 0.887765
0.320596 0.392470 0.919808
0.302948 0.411811 0.939553
0.316155 0.410952 0.933358
0.321726 0.395250 0.922904
0.328935 0.411716 0.923878
0.349901 0.384188 0.896729
0.345122 0.387817 0.901045
0.346657 0.381415 0.888877
0.335373 0.382766 0.911184
0.365101 0.391557 0.871338
0.357078 0.376267 0.860647
0.373521 0.387348 0.857717
0.359496 0.396649 0.908226
0.347763 0.397932 0.910374
0.327775 0.390144 0.913679
0.357016 0.403532 0.903608
0.351592 0.406090 0.912422
0.378348 0.403167 0.874640
0.371644 0.386129 0.846934
0.363402 0.409708 0.899423
0.327298 0.417453 0.935231
0.340725 0.413252 0.924910
0.371878 0.413010 0.891781
0.368981 0.418898 0.891025
0.352700 0.420131 0.915955
0.349532 0.421737 0.924318
0.375712 0.427415 0.891533
0.365955 0.444184 0.907197
0.361179 0.436384 0.912650
0.376054 0.386134 0.845708
0.368565 0.372371 0.839332
0.382847 0.401632 0.843284
0.379992 0.388660 0.830442
0.383945 0.404505 0.855879
0.386353 0.405310 0.836977
0.385149 0.413410 0.866435
0.396878 0.417251 0.837191
0.385161 0.418707 0.870109
0.389315 0.425551 0.870536
0.397577 0.426430 0.844403
0.386378 0.433573 0.880946
0.161482 0.442939 0.875068
0.163746 0.437452 0.876835
0.164887 0.441796 0.879660
0.174789 0.460467 0.910681
0.175227 0.453918 0.908104
0.167075 0.460976 0.898777
0.168177 0.469727 0.902491
0.158471 0.453919 0.874874
0.151852 0.457236 0.868649
0.146688 0.463616 0.868013
0.158025 0.434054 0.862894
0.154942 0.471849 0.886362
0.174504 0.474299 0.915321
0.179858 0.469447 0.928232
0.180928 0.479219 0.925031
0.139307 0.461948 0.852158
0.142064 0.471384 0.861870
0.164988 0.478735 0.909514
0.161748 0.480665 0.906581
0.154476 0.477838 0.894793
0.160009 0.474217 0.904588
0.148759 0.482250 0.885215
0.141412 0.479787 0.871944
0.161947 0.500294 0.902292
0.150416 0.486806 0.886689
0.149845 0.500700 0.876366
0.173115 0.496143 0.924818
0.171951 0.504854 0.926859
0.182070 0.492299 0.930868
0.159129 0.509938 0.902003
0.139175 0.502309 0.861803
0.133689 0.502981 0.859202
0.140759 0.490388 0.872993
0.184019 0.462981 0.930381
0.190060 0.469486 0.938793
0.189616 0.459445 0.925816
0.186271 0.483407 0.936147
0.192235 0.489240 0.937088
0.191137 0.477005 0.943349
0.379020 0.431186 0.887743
0.364520 0.456879 0.910724
0.374842 0.472847 0.903937
0.375577 0.455989 0.882249
0.378598 0.484002 0.898637
0.375475 0.495261 0.913513
0.373805 0.497128 0.916787
0.383940 0.442999 0.880784
0.389158 0.444468 0.873172
0.404375 0.439115 0.821059
0.400855 0.444330 0.847267
0.391658 0.453573 0.865370
0.400672 0.456803 0.850806
0.397188 0.461839 0.858540
0.397413 0.484668 0.857815
0.388178 0.462398 0.883508
0.380861 0.466423 0.885366
0.415874 0.480280 0.830116
0.416093 0.472959 0.817112
0.406269 0.478604 0.838560
0.386400 0.474217 0.892524
0.385625 0.481532 0.888537
0.403938 0.487655 0.844610
0.410517 0.492787 0.833684
0.380674 0.491088 0.900110
0.417416 0.491128 0.830952
0.384470 0.487364 0.886063
0.387601 0.499029 0.872571
0.433744 0.494903 0.813452
0.436891 0.490081 0.812622
0.617353 0.480394 0.831389
0.622206 0.478177 0.818863
0.612979 0.483499 0.807412
0.604501 0.482801 0.798468
0.615846 0.479450 0.852087
0.613702 0.484059 0.834205
0.608958 0.492364 0.850887
0.609779 0.489150 0.830434
0.610411 0.494272 0.878182
0.619987 0.488225 0.871725
0.606472 0.495647 0.879104
0.602649 0.488864 0.819224
0.627352 0.480144 0.816842
0.632791 0.478810 0.830141
0.632993 0.486848 0.856075
0.623136 0.486061 0.855048
0.628741 0.492364 0.896927
0.625446 0.499435 0.884026
0.631394 0.495975 0.880400
0.631903 0.481068 0.792000
0.633071 0.492752 0.819693
0.633996 0.489006 0.850659
0.644772 0.491628 0.841734
0.654879 0.498698 0.831749
0.648221 0.499828 0.828459
0.644189 0.510158 0.867838
0.636463 0.501758 0.870094
0.149492 0.515719 0.871574
0.153857 0.518529 0.882653
0.166368 0.515636 0.923455
0.175441 0.513135 0.931075
0.184180 0.517523 0.931727
0.186411 0.506256 0.933481
0.162162 0.527174 0.911889
0.141076 0.515420 0.863159
0.146344 0.525691 0.872557
0.181473 0.530179 0.933101
0.186186 0.525171 0.942901
0.144297 0.534557 0.873121
0.137058 0.530068 0.864993
0.181274 0.542115 0.928982
0.174068 0.536426 0.921017
0.161013 0.538048 0.895026
0.145054 0.540097 0.868985
0.149041 0.540954 0.879414
0.179637 0.547264 0.922458
0.186669 0.545666 0.931912
0.153275 0.553817 0.880747
0.151241 0.534769 0.882265
0.166611 0.552910 0.901285
0.134133 0.535786 0.849470
0.138632 0.550089 0.847117
0.136863 0.543970 0.861332
0.168774 0.561759 0.895716
0.147575 0.559777 0.855175
0.170732 0.571534 0.894163
0.173142 0.553269 0.917800
0.145691 0.569822 0.849945
0.150101 0.565396 0.858894
0.150203 0.560318 0.878124
0.148568 0.567862 0.873212
0.180632 0.561905 0.914783
0.368172 0.518892 0.916008
0.368557 0.547652 0.903382
0.370473 0.559627 0.901467
0.365167 0.553858 0.912290
0.364638 0.561293 0.920958
0.367290 0.571572 0.899784
0.380215 0.502913 0.891978
0.423440 0.512254 0.829691
0.417062 0.508622 0.829426
0.402672 0.508679 0.835227
0.397215 0.513470 0.852358
0.409525 0.523814 0.830565
0.393534 0.513883 0.858133
0.402080 0.532091 0.839079
0.400114 0.541870 0.839860
0.404854 0.533594 0.836697
0.434398 0.524254 0.815502
0.426938 0.514308 0.820732
0.416555 0.530619 0.825409
0.400839 0.551940 0.840374
0.392055 0.548949 0.849343
0.427066 0.532381 0.817267
0.410716 0.534056 0.830479
0.427787 0.543010 0.809272
0.417244 0.546482 0.827308
0.404031 0.558406 0.829545
0.395031 0.557368 0.848958
0.428292 0.502237 0.816389
0.608849 0.505773 0.888785
0.601066 0.517316 0.810818
0.597337 0.511028 0.792514
0.600656 0.527123 0.800592
0.613956 0.536076 0.826103
0.611310 0.523110 0.835490
0.615429 0.532375 0.845202
0.613856 0.528145 0.870649
0.616701 0.530184 0.849973
0.617588 0.533305 0.860294
0.620765 0.540711 0.825755
0.612151 0.538971 0.805231
0.629560 0.535984 0.883806
0.626606 0.536885 0.869770
0.632632 0.536502 0.872680
0.624908 0.543855 0.822935
0.640987 0.496283 0.810048
0.637470 0.501945 0.793012
0.657650 0.498952 0.824248
0.649448 0.515790 0.872391
0.656938 0.510490 0.833759
0.651936 0.518865 0.842309
0.644152 0.513794 0.814737
0.652618 0.522182 0.872288
0.652965 0.515967 0.832346
0.653965 0.520814 0.845130
0.646671 0.520811 0.830576
0.644077 0.528810 0.856275
0.642325 0.531017 0.840634
0.632209 0.540961 0.805538
0.644481 0.528829 0.868332
0.633719 0.535186 0.871049
0.635496 0.540613 0.813771
0.636305 0.538764 0.835195
0.632504 0.538236 0.851835
0.632414 0.541041 0.835405
0.628802 0.542909 0.825070
0.146450 0.573364 0.846939
0.161805 0.581408 0.860373
0.161164 0.573783 0.870168
0.152512 0.587157 0.844767
0.149583 0.589191 0.839418
0.176599 0.587911 0.887099
0.180773 0.583420 0.890162
0.170875 0.590189 0.867754
0.165069 0.591314 0.857855
0.160186 0.590144 0.852584
0.170721 0.599672 0.861450
0.182643 0.607864 0.885078
0.181426 0.598208 0.894589
0.180994 0.612091 0.876165
0.169273 0.609458 0.848542
0.173966 0.621976 0.845135
0.189205 0.624904 0.878084
0.187776 0.608873 0.894993
0.186939 0.629185 0.857359
0.193917 0.632446 0.881010
0.179878 0.571588 0.905243
0.195538 0.586652 0.928420
0.193499 0.588965 0.907969
0.203835 0.596872 0.907597
0.205525 0.589465 0.920314
0.217692 0.598400 0.915164
0.217983 0.614594 0.901974
0.202972 0.604243 0.904704
0.199752 0.598352 0.900181
0.188055 0.593924 0.900110
0.184465 0.605112 0.902233
0.233416 0.589927 0.935305
0.229256 0.602415 0.920921
0.233741 0.618471 0.924484
0.229059 0.617519 0.917130
0.194757 0.614508 0.893666
0.225862 0.627655 0.913610
0.213692 0.619201 0.904625
0.231341 0.631256 0.907570
0.208951 0.628525 0.888037
0.246228 0.620309 0.917055
0.255483 0.617951 0.916044
0.249763 0.609893 0.924722
0.257563 0.629613 0.910761
0.254701 0.634891 0.901168
0.364026 0.584649 0.901040
0.380257 0.582672 0.887129
0.359368 0.588296 0.905484
0.358919 0.592169 0.906670
0.355125 0.574465 0.912017
0.367475 0.599492 0.885530
0.339354 0.604087 0.918156
0.364161 0.607164 0.882114
0.376539 0.604041 0.873926
0.340107 0.612655 0.893410
0.327477 0.602784 0.907773
0.362328 0.624693 0.881428
0.379771 0.609599 0.864124
0.357316 0.624144 0.882475
0.364236 0.629016 0.871979
0.350249 0.626168 0.883747
0.345054 0.623159 0.886036
0.378620 0.632990 0.823032
0.372354 0.626594 0.843468
0.384327 0.622847 0.827785
0.362169 0.634584 0.852446
0.338853 0.629838 0.890545
0.332590 0.624570 0.893628
0.390485 0.573173 0.878791
0.395776 0.578032 0.869809
0.397691 0.579948 0.855703
0.169952 0.450580 0.897553
0.388190 0.576772 0.876419
0.298667 0.389622 0.925149
0.411288 0.559893 0.814590
0.405208 0.579279 0.821506
0.309029 0.388970 0.910781
0.407362 0.582240 0.813870
0.389994 0.581997 0.854417
0.169532 0.440956 0.886205
0.344473 0.364381 0.860993
0.381326 0.600470 0.868317
0.404756 0.588655 0.820143
0.402333 0.594161 0.821824
0.383611 0.601578 0.864397
0.343320 0.356291 0.850666
0.390781 0.602627 0.835971
0.397762 0.606760 0.821171
0.403091 0.607494 0.817950
0.264613 0.355364 0.875012
0.389512 0.610349 0.839095
0.390599 0.628066 0.827496
0.399060 0.614716 0.815274
0.388669 0.633559 0.824805
0.395168 0.628247 0.815569
0.399997 0.627313 0.810232
0.215336 0.638047 0.880671
0.199463 0.630403 0.889502
0.195560 0.638356 0.876284
0.190881 0.639160 0.857051
0.185113 0.639450 0.840109
0.192866 0.636152 0.876449
0.202203 0.639890 0.868103
0.227970 0.643422 0.879642
0.208583 0.650508 0.856761
0.223711 0.642078 0.875600
0.224462 0.651353 0.865242
0.217013 0.656238 0.852990
0.203440 0.652267 0.846951
0.217496 0.661504 0.842322
0.220908 0.656955 0.856550
0.231197 0.656837 0.857551
0.214358 0.668927 0.824677
0.278612 0.633135 0.922781
0.272103 0.629615 0.919310
0.282376 0.636090 0.927566
0.240324 0.633650 0.897263
0.249243 0.638083 0.895390
0.255657 0.640582 0.891485
0.261645 0.634342 0.901664
0.241680 0.638165 0.894111
0.281422 0.651469 0.885675
0.290184 0.642698 0.898124
0.257244 0.649274 0.881329
0.255896 0.652821 0.872454
0.247633 0.655533 0.859533
0.370990 0.652885 0.809076
0.280520 0.659484 0.867491
0.290890 0.658329 0.870891
0.248537 0.675069 0.857690
0.258380 0.659151 0.867918
0.237936 0.666789 0.849949
0.288173 0.672727 0.870463
0.278048 0.677393 0.868723
0.261880 0.670717 0.862233
0.267827 0.666903 0.861272
0.274550 0.675129 0.846264
0.245828 0.672532 0.850029
0.252783 0.673907 0.854204
0.252779 0.674093 0.836474
0.254913 0.684081 0.827067
0.261804 0.682960 0.837073
0.284334 0.690622 0.817670
0.266257 0.677531 0.840231
0.267497 0.692296 0.821256
0.322770 0.626838 0.900023
0.312260 0.630815 0.901786
0.315149 0.626473 0.911362
0.228917 0.681150 0.808107
0.306908 0.651600 0.879129
0.327651 0.630035 0.887253
0.336759 0.635749 0.883431
0.207257 0.671576 0.815455
0.307283 0.655270 0.869847
0.331472 0.652690 0.868095
0.336249 0.648153 0.871272
0.313187 0.655379 0.863910
0.302885 0.659151 0.867788
0.293824 0.668150 0.868515
0.326648 0.665096 0.855996
0.318619 0.671761 0.838480
0.331681 0.668246 0.838742
0.299022 0.671326 0.848926
0.292964 0.684157 0.821958
0.304553 0.674896 0.837883
0.286965 0.696036 0.816916
0.300618 0.697553 0.822678
0.311465 0.676494 0.837851
0.315470 0.677966 0.825310
0.322168 0.682378 0.807132
0.352309 0.638566 0.866224
0.341915 0.640791 0.872831
0.348621 0.636480 0.878250
0.352850 0.645165 0.855187
0.373126 0.649756 0.816952
0.345014 0.657357 0.846128
0.351317 0.649700 0.840729
0.360737 0.649390 0.826122
0.340666 0.652228 0.855746
0.366780 0.654440 0.812713
0.343636 0.663145 0.830884
0.362626 0.658000 0.806556
0.339019 0.667129 0.832624
0.349902 0.672398 0.809321
0.334622 0.676484 0.820165
0.379592 0.638693 0.822179
0.381860 0.641929 0.807728
0.265032 0.423632 0.943195
0.261862 0.416511 0.940448
0.271907 0.416956 0.939353
0.257641 0.432573 0.946456
0.268197 0.431413 0.948853
0.237458 0.439803 0.945849
0.245530 0.430477 0.931722
0.253780 0.446826 0.961617
0.268346 0.438292 0.960385
0.286769 0.426054 0.950148
0.225700 0.446304 0.943943
0.231633 0.433403 0.935168
0.237244 0.443051 0.949427
0.306406 0.423626 0.940953
0.302897 0.402181 0.938009
0.297462 0.414695 0.946949
0.304923 0.399849 0.936843
0.405103 0.608974 0.813107
0.309216 0.432366 0.944623
0.301012 0.433131 0.946909
0.154853 0.601536 0.831385
0.326879 0.445256 0.932368
0.303725 0.443183 0.953102
0.341398 0.428840 0.932824
0.333599 0.422616 0.943176
0.355470 0.430731 0.923812
0.352000 0.436792 0.926896
0.217741 0.450073 0.943147
0.211630 0.450522 0.939102
0.200146 0.454850 0.922572
0.208349 0.456265 0.935453
0.219305 0.457944 0.943682
0.229697 0.476702 0.959732
0.224910 0.469147 0.953378
0.215766 0.469535 0.946678
0.196515 0.477195 0.943956
0.140501 0.580899 0.830328
0.206054 0.471923 0.941283
0.136853 0.598548 0.809486
0.215893 0.485236 0.958023
0.197778 0.495283 0.946352
0.205738 0.495964 0.954952
0.220254 0.496599 0.959739
0.214587 0.505298 0.953533
0.233354 0.493709 0.969693
0.228402 0.494574 0.966285
0.193903 0.519258 0.942379
0.251779 0.451612 0.964171
0.239650 0.457644 0.964451
0.246618 0.456895 0.962732
0.269012 0.453240 0.958510
0.258312 0.453122 0.962475
0.264188 0.461070 0.963370
0.239819 0.460836 0.965307
0.258641 0.472776 0.959095
0.270743 0.474163 0.958534
0.117982 0.576475 0.780620
0.278952 0.470295 0.959824
0.266763 0.488756 0.967279
0.273941 0.480706 0.975223
0.283111 0.494883 0.972820
0.248246 0.505107 0.980496
0.240357 0.493970 0.970915
0.237920 0.514726 0.970454
0.270024 0.497260 0.974775
0.301830 0.453407 0.952464
0.310921 0.442742 0.945171
0.332077 0.451048 0.934180
0.319273 0.453102 0.945815
0.334742 0.461920 0.943180
0.340784 0.445981 0.930625
0.281157 0.446749 0.950366
0.314279 0.462230 0.948704
0.295222 0.455932 0.951738
0.282890 0.459194 0.951402
0.322989 0.467135 0.951795
0.289240 0.480291 0.965041
0.303797 0.470264 0.958678
0.311810 0.468907 0.954891
0.301793 0.484094 0.964772
0.289039 0.490374 0.971949
0.293225 0.494510 0.982474
0.122163 0.484419 0.820002
0.124506 0.464080 0.819967
0.327579 0.486509 0.963351
0.319533 0.485508 0.960340
0.328640 0.476593 0.949472
0.297750 0.506134 0.977160
0.301871 0.496409 0.966215
0.310095 0.489822 0.964569
0.356680 0.463932 0.925358
0.357136 0.477944 0.932486
0.360914 0.461114 0.916855
0.367853 0.466143 0.912613
0.332930 0.464722 0.948210
0.373445 0.473111 0.912031
0.364177 0.479470 0.914786
0.351909 0.484981 0.941418
0.353651 0.499814 0.947433
0.355934 0.504919 0.944499
0.342840 0.502355 0.947752
0.354999 0.507669 0.944342
0.333901 0.502501 0.953971
0.621905 0.502559 0.907494
0.377643 0.379492 0.837877
0.616538 0.499441 0.929418
0.620608 0.506543 0.931663
0.612691 0.500297 0.907503
0.147156 0.434349 0.832472
0.614680 0.496190 0.925497
0.617762 0.511159 0.963264
0.134753 0.408873 0.784233
0.621974 0.503635 0.955010
0.618572 0.502451 0.947415
0.610192 0.503315 0.906897
0.623716 0.513567 0.916369
0.628593 0.520461 0.914327
0.626026 0.494728 0.946177
0.207918 0.515560 0.952847
0.228551 0.515631 0.966574
0.188280 0.532726 0.943756
0.224787 0.531369 0.969402
0.207411 0.524933 0.953040
0.236845 0.532441 0.967763
0.205641 0.550182 0.954206
0.199180 0.533824 0.942169
0.190662 0.541805 0.944476
0.234652 0.550212 0.952660
0.223963 0.542319 0.952463
0.229851 0.538354 0.958545
0.213094 0.553292 0.949064
0.201201 0.555898 0.941765
0.189875 0.549206 0.931513
0.215859 0.561851 0.948839
0.204991 0.558957 0.950968
0.201807 0.563453 0.935677
0.191731 0.566425 0.928191
0.255693 0.508190 0.976652
0.250451 0.519511 0.984177
0.261481 0.510033 0.971278
0.249808 0.528643 0.980634
0.281916 0.534770 0.959093
0.270348 0.520512 0.964615
0.241216 0.542650 0.960360
0.258294 0.546435 0.989474
0.253188 0.529040 0.981251
0.279541 0.541059 0.961872
0.284888 0.540409 0.966037
0.249501 0.536522 0.971001
0.243771 0.555250 0.957364
0.247195 0.548211 0.965020
0.253297 0.554513 0.967534
0.259157 0.547946 0.966805
0.271792 0.542186 0.963727
0.277437 0.551700 0.957193
0.263132 0.565435 0.968552
0.233380 0.566966 0.954307
0.242113 0.565370 0.955393
0.231931 0.574339 0.950111
0.253895 0.577103 0.955931
0.250746 0.566700 0.957374
0.316579 0.515141 0.953923
0.300169 0.510595 0.974297
0.292824 0.510122 0.971346
0.289401 0.517880 0.970740
0.309582 0.516697 0.957818
0.324340 0.520867 0.950878
0.287897 0.528458 0.959118
0.324299 0.533250 0.947528
0.321551 0.548471 0.948644
0.316468 0.541806 0.944795
0.296320 0.537595 0.955848
0.306690 0.544618 0.957152
0.291187 0.542348 0.967180
0.309293 0.346895 0.861634
0.297932 0.549039 0.951407
0.238797 0.361592 0.866026
0.316783 0.557820 0.956596
0.327178 0.551232 0.942213
0.288629 0.553951 0.966376
0.300025 0.562595 0.951104
0.310408 0.556618 0.950226
0.315665 0.563750 0.956885
0.301964 0.574388 0.953045
0.293329 0.568259 0.957200
0.273994 0.563345 0.961327
0.288655 0.563178 0.963763
0.286613 0.571719 0.960004
0.313814 0.570292 0.946633
0.321308 0.565179 0.942769
0.360040 0.517668 0.930220
0.353934 0.520343 0.936526
0.365061 0.516199 0.930283
0.234329 0.327195 0.800865
0.347370 0.514646 0.942034
0.223965 0.340011 0.817532
0.356442 0.528735 0.934376
0.343835 0.521303 0.946982
0.344710 0.529485 0.947950
0.340674 0.529731 0.946834
0.211188 0.346786 0.815754
0.229400 0.329758 0.802981
0.366888 0.532714 0.935095
0.360075 0.537540 0.927514
0.349542 0.548463 0.938441
0.358571 0.555876 0.919302
0.336234 0.558559 0.942682
0.346037 0.569439 0.931050
0.330021 0.562131 0.945734
0.339723 0.567325 0.936758
0.618096 0.511834 0.955633
0.617362 0.519022 0.925523
0.622368 0.535352 0.902456
0.621545 0.537161 0.954652
0.628484 0.531859 0.905357
0.625430 0.527110 0.939354
0.619652 0.537560 0.969323
0.627178 0.529737 0.940924
0.641635 0.516451 0.902135
0.628121 0.506939 0.951583
0.637522 0.516745 0.936959
0.643561 0.522268 0.927498
0.634678 0.523519 0.934105
0.643783 0.531011 0.896789
0.203819 0.575319 0.940014
0.243398 0.589180 0.955758
0.224611 0.578777 0.948421
0.210488 0.578654 0.928703
0.214653 0.569995 0.940246
0.223410 0.596259 0.921090
0.262388 0.567019 0.960625
0.276150 0.576921 0.954151
0.257929 0.582524 0.952541
0.249097 0.586058 0.948102
0.264856 0.579788 0.955812
0.287310 0.579875 0.952760
0.261963 0.586971 0.951059
0.278500 0.583412 0.954277
0.282075 0.577209 0.962269
0.257305 0.592192 0.941855
0.277115 0.590360 0.941899
0.271933 0.599201 0.936672
0.283402 0.603784 0.940012
0.262228 0.596731 0.934741
0.252578 0.599498 0.932641
0.246596 0.600086 0.942213
0.284632 0.616374 0.930765
0.265801 0.612270 0.924406
0.262513 0.619255 0.915497
0.269708 0.619188 0.920596
0.280351 0.621488 0.925166
0.293510 0.624296 0.934246
0.324718 0.571928 0.938726
0.296025 0.576041 0.955011
0.307256 0.580146 0.954120
0.312941 0.580994 0.944650
0.293823 0.582931 0.951269
0.335917 0.578373 0.934347
0.316195 0.590744 0.937281
0.307006 0.590102 0.945534
0.294664 0.588414 0.944709
0.317245 0.598301 0.933611
0.328899 0.592736 0.925033
0.317036 0.604357 0.927735
0.295232 0.599678 0.935179
0.311692 0.612337 0.926587
0.322106 0.604615 0.919500
0.319599 0.619100 0.907919
0.305423 0.601290 0.929282
0.295050 0.617158 0.924325
0.307290 0.622450 0.922349
0.294506 0.627022 0.921334
0.341220 0.572742 0.931861
0.341304 0.582062 0.926592
0.337236 0.587572 0.924904
0.336843 0.485726 0.949938
0.353028 0.471073 0.939506
0.296648 0.471164 0.968282
0.277639 0.498070 0.972004
0.274831 0.487822 0.966986
0.238633 0.484586 0.964621
0.247925 0.482025 0.976243
0.234985 0.477210 0.966013
0.199242 0.487134 0.945474
0.205832 0.501646 0.953850
0.197583 0.506057 0.950150
0.290149 0.411859 0.938575
0.311282 0.401477 0.935021
0.301197 0.683593 0.823391
0.314083 0.666479 0.854590
0.321910 0.642186 0.878224
0.302563 0.654258 0.877300
0.298639 0.628763 0.918424
0.273437 0.663526 0.863035
0.234878 0.643651 0.884939
0.293394 0.651702 0.882856
0.274537 0.652175 0.876416
0.358193 0.632923 0.873731
0.356531 0.612008 0.888787
0.360947 0.592291 0.902268
0.373254 0.589820 0.876551
0.363790 0.579446 0.910933
0.242831 0.627590 0.913206
0.196979 0.610023 0.902828
0.182555 0.614602 0.869896
0.163335 0.568000 0.889932
0.156030 0.526046 0.895309
0.395406 0.479288 0.870899
0.398286 0.446510 0.852686
0.399994 0.438011 0.849045
0.183959 0.494018 0.930667
0.175957 0.456892 0.913655
0.376385 0.393979 0.873940
0.357528 0.385221 0.871166
0.300400 0.311692 0.786996
0.315528 0.318446 0.782491
0.268541 0.312119 0.804902
0.276696 0.310670 0.790222
0.284391 0.313566 0.794556
0.158906 0.379522 0.788222
0.209831 0.342572 0.795950
0.216704 0.337598 0.796512
0.219129 0.353993 0.831605
0.218479 0.342274 0.821091
0.196374 0.348060 0.788182
0.205391 0.347378 0.821793
0.215281 0.361586 0.845498
0.225905 0.360732 0.839420
0.210479 0.369928 0.856725
0.202415 0.360553 0.832546
0.199573 0.353061 0.809342
0.192807 0.367864 0.834990
0.196059 0.362012 0.820528
0.190724 0.354272 0.813486
0.180569 0.361432 0.801532
0.180783 0.366570 0.816913
0.180756 0.370645 0.820937
0.175718 0.373782 0.812950
0.186783 0.371861 0.841627
0.260914 0.314683 0.794288
0.249907 0.321280 0.806669
0.261782 0.318505 0.813839
0.239423 0.326590 0.793499
0.239434 0.328117 0.813005
0.255364 0.323717 0.824602
0.263773 0.319754 0.826867
0.270697 0.319773 0.819382
0.276813 0.322926 0.823740
0.246621 0.332469 0.830662
0.255497 0.330408 0.833762
0.262552 0.326683 0.833612
0.234921 0.344218 0.829246
0.238625 0.330796 0.822305
0.261435 0.340457 0.842088
0.236890 0.345224 0.837543
0.237547 0.354310 0.849975
0.290821 0.312921 0.787954
0.308852 0.317764 0.797617
0.297851 0.304861 0.830207
0.293872 0.317657 0.823386
0.298778 0.323507 0.826477
0.286461 0.320710 0.816410
0.311533 0.321984 0.815926
0.283818 0.320739 0.827595
0.315336 0.334984 0.826874
0.321009 0.330011 0.802219
0.331369 0.332261 0.810183
0.331147 0.323214 0.804886
0.307390 0.336311 0.832034
0.329776 0.343826 0.852341
0.337044 0.339469 0.839965
0.339359 0.332549 0.791105
0.354570 0.333736 0.778869
0.355885 0.343850 0.793302
0.347342 0.338264 0.809061
0.362160 0.350970 0.781158
0.337520 0.335576 0.827480
0.350012 0.344760 0.815000
0.340697 0.338933 0.836717
0.356635 0.350695 0.808635
0.353476 0.354776 0.822062
0.352456 0.359949 0.834250
0.363715 0.365067 0.818284
0.365205 0.368587 0.834872
0.368577 0.354204 0.802866
0.376071 0.372698 0.799564
0.124513 0.418909 0.778931
0.124608 0.442611 0.800810
0.127390 0.432904 0.792126
0.155512 0.383248 0.786384
0.168501 0.375939 0.801447
0.172029 0.382460 0.807464
0.157669 0.387173 0.796717
0.147280 0.408439 0.786899
0.172476 0.396254 0.839311
0.171485 0.392386 0.828756
0.178511 0.388199 0.841721
0.166273 0.393696 0.808629
0.159960 0.402200 0.815797
0.168689 0.403509 0.843807
0.154355 0.413667 0.828706
0.149815 0.407976 0.816588
0.135519 0.412183 0.800534
0.138648 0.419112 0.809727
0.127912 0.406986 0.791420
0.130769 0.427516 0.803603
0.151118 0.436666 0.845766
0.153302 0.421427 0.840311
0.142418 0.429634 0.817131
0.144251 0.449440 0.842897
0.182275 0.378180 0.830569
0.195038 0.372822 0.847324
0.181217 0.392334 0.862167
0.387053 0.377977 0.825060
0.385229 0.390323 0.822786
0.391505 0.376153 0.806425
0.391450 0.383439 0.811999
0.394454 0.390172 0.811628
0.396670 0.398426 0.813220
0.400324 0.405776 0.804935
0.400180 0.406907 0.824523
0.395255 0.405013 0.830731
0.401385 0.409599 0.795729
0.399794 0.415961 0.820059
0.405376 0.429449 0.802358
0.104412 0.451047 0.779069
0.113619 0.457980 0.806083
0.127026 0.450845 0.823322
0.103732 0.458034 0.781971
0.123961 0.459371 0.822950
0.132295 0.447848 0.826699
0.126109 0.476058 0.827667
0.133295 0.463469 0.832897
0.116560 0.469166 0.801015
0.126708 0.481373 0.832493
0.123162 0.497996 0.829233
0.133064 0.481395 0.841703
0.131802 0.489074 0.853226
0.136234 0.481555 0.859122
0.115709 0.498864 0.804549
0.120291 0.509530 0.824872
0.115360 0.505283 0.816279
0.138758 0.447633 0.836089
0.134276 0.455302 0.839267
0.417512 0.445940 0.792984
0.425700 0.449643 0.793876
0.433287 0.466060 0.798762
0.453374 0.466882 0.790715
0.454929 0.484319 0.789160
0.431226 0.479354 0.809093
0.426757 0.475587 0.816059
0.438358 0.482297 0.809961
0.449311 0.485178 0.805869
0.445481 0.479759 0.803740
0.454973 0.503755 0.808850
0.460495 0.501068 0.796715
0.600796 0.482376 0.778427
0.622874 0.473841 0.780362
0.595687 0.485125 0.791907
0.593496 0.490007 0.799339
0.628081 0.480670 0.782149
0.634417 0.491326 0.782805
0.641436 0.505391 0.797140
0.108785 0.508101 0.810411
0.122524 0.513681 0.828579
0.118930 0.519407 0.821862
0.106335 0.514162 0.786946
0.109507 0.519166 0.795852
0.120408 0.534703 0.818205
0.113695 0.521291 0.806079
0.113777 0.529378 0.792186
0.118248 0.543608 0.825999
0.127612 0.534670 0.836480
0.125042 0.552264 0.814942
0.108755 0.543434 0.796725
0.107308 0.540403 0.782469
0.127831 0.560833 0.821131
0.128990 0.557956 0.829175
0.111923 0.546896 0.795454
0.121189 0.563450 0.805454
0.124169 0.569330 0.812554
0.133961 0.566573 0.832374
0.121676 0.571287 0.800722
0.131592 0.515500 0.845603
0.451940 0.503529 0.809881
0.447053 0.509540 0.803776
0.438710 0.525886 0.812052
0.590727 0.498782 0.791226
0.593707 0.520595 0.781251
0.601164 0.536111 0.788364
0.621380 0.549534 0.787629
0.614961 0.546220 0.781257
0.638256 0.518634 0.784427
0.623658 0.548953 0.783538
0.129279 0.580742 0.809895
0.119778 0.582096 0.794537
0.134205 0.603864 0.792394
0.129325 0.570612 0.822111
0.139739 0.602310 0.804443
0.137012 0.603694 0.796676
0.153544 0.608750 0.818722
0.159770 0.608967 0.831866
0.171519 0.628276 0.843522
0.149879 0.619286 0.793012
0.176383 0.631312 0.838196
0.165097 0.620997 0.818961
0.421109 0.572407 0.785801
0.417390 0.574008 0.798948
0.415677 0.584092 0.794643
0.410472 0.588289 0.799814
0.415774 0.595036 0.790041
0.410140 0.599613 0.803118
0.412770 0.603546 0.795735
0.407704 0.617166 0.799653
0.170398 0.636317 0.809365
0.164681 0.629306 0.798439
0.155000 0.631468 0.780820
0.179867 0.648358 0.817219
0.170429 0.646390 0.795007
0.173987 0.643727 0.810430
0.187205 0.652412 0.813414
0.184042 0.659766 0.794502
0.190243 0.663969 0.812568
0.204780 0.660867 0.831473
0.194308 0.663943 0.808787
0.203517 0.657278 0.832983
0.193030 0.672783 0.786670
0.207271 0.675449 0.795104
0.212133 0.669750 0.828213
0.218531 0.676376 0.808052
0.213685 0.680147 0.790037
0.247905 0.680899 0.809075
0.238631 0.681562 0.799571
0.242200 0.671965 0.842481
0.244655 0.686105 0.801160
0.227625 0.685944 0.799046
0.263066 0.694599 0.807806
0.257897 0.683882 0.813254
0.266455 0.694552 0.814644
0.274962 0.692201 0.804557
0.284157 0.692396 0.809886
0.328610 0.688771 0.802769
0.299822 0.690609 0.811951
0.370647 0.654946 0.791570
0.359121 0.668509 0.797998
0.330409 0.680787 0.811160
0.335749 0.682291 0.784194
0.398577 0.633248 0.806244
0.396939 0.638570 0.796503
0.384118 0.648971 0.802256
0.271236 0.695181 0.788942
0.262134 0.699857 0.792092
0.321803 0.691656 0.792727
0.298761 0.697009 0.794327
0.202591 0.370170 0.859162
0.215470 0.374745 0.863880
0.200040 0.367146 0.853871
0.218578 0.378597 0.872468
0.228277 0.388856 0.880144
0.202592 0.378525 0.861452
0.266430 0.346508 0.862983
0.256826 0.345368 0.855415
0.248231 0.344670 0.856964
0.267853 0.341769 0.874830
0.243899 0.354827 0.862764
0.273440 0.352240 0.873945
0.236771 0.370555 0.873697
0.258837 0.364406 0.877990
0.276254 0.360413 0.882786
0.245970 0.379012 0.888595
0.254933 0.375926 0.889532
0.239849 0.377385 0.885058
0.232491 0.374400 0.875286
0.276503 0.366474 0.888659
0.282616 0.361299 0.881935
0.270585 0.370132 0.891167
0.288672 0.329653 0.837362
0.301953 0.341172 0.867106
0.288963 0.338794 0.846447
0.279761 0.345173 0.864437
0.294786 0.344835 0.866115
0.290119 0.344722 0.869531
0.301763 0.349220 0.870741
0.287314 0.348865 0.871068
0.304976 0.360561 0.874604
0.308066 0.348058 0.876975
0.327870 0.357256 0.860303
0.313426 0.356935 0.865604
0.319782 0.367631 0.888820
0.289304 0.352505 0.879601
0.320867 0.372512 0.893018
0.299631 0.366442 0.884734
0.296554 0.372546 0.890801
0.311622 0.378333 0.902091
0.313800 0.379193 0.906125
0.287805 0.375889 0.888776
0.330587 0.363767 0.876568
0.337755 0.358442 0.856639
0.337716 0.350893 0.846600
0.332183 0.365613 0.896246
0.357961 0.369878 0.862091
0.343648 0.370732 0.873493
0.170497 0.412879 0.850947
0.161635 0.416067 0.843206
0.176847 0.408824 0.861235
0.170375 0.417354 0.861672
0.175513 0.426484 0.885125
0.178853 0.418730 0.887668
0.172216 0.428988 0.894288
0.180402 0.432564 0.897841
0.191364 0.377901 0.849556
0.220307 0.398503 0.891800
0.215477 0.391724 0.886532
0.198706 0.389964 0.869824
0.196826 0.382221 0.862489
0.187248 0.388355 0.854458
0.227250 0.407299 0.904591
0.230029 0.399298 0.897614
0.183796 0.398127 0.870620
0.181094 0.398743 0.865663
0.201333 0.399736 0.882027
0.185337 0.402600 0.883339
0.186856 0.412614 0.884998
0.194739 0.408683 0.886211
0.210871 0.405606 0.893497
0.202119 0.411797 0.892891
0.227005 0.421604 0.915517
0.218644 0.412877 0.899421
0.223207 0.425487 0.920589
0.235997 0.419456 0.925614
0.206930 0.416642 0.899826
0.196307 0.417331 0.915832
0.202741 0.426298 0.905778
0.183647 0.422639 0.891894
0.198715 0.439759 0.912956
0.188604 0.429395 0.896536
0.219242 0.432458 0.928740
0.211496 0.425350 0.924475
0.209608 0.435177 0.927363
0.206300 0.447189 0.934333
0.207550 0.429761 0.917160
0.184048 0.445822 0.912729
0.269317 0.378723 0.902345
0.258784 0.378919 0.893428
0.252200 0.378970 0.905537
0.244209 0.386459 0.893382
0.249637 0.385465 0.897208
0.252407 0.396351 0.910379
0.291271 0.381303 0.904140
0.235065 0.401499 0.905848
0.267981 0.393211 0.916489
0.269088 0.402441 0.927129
0.250161 0.403010 0.917988
0.288528 0.390428 0.916644
0.260502 0.408066 0.929309
0.239081 0.410483 0.918846
0.247435 0.410019 0.923784
0.256295 0.414787 0.935317
0.251075 0.424954 0.926994
0.295955 0.377500 0.903020
0.287800 0.403655 0.926578
0.343186 0.369194 0.889302
0.140589 0.557135 0.845918
0.422281 0.558820 0.801783
0.416528 0.561650 0.809925
0.196500 0.643371 0.853715
0.337932 0.680653 0.804563
0.238718 0.558944 0.827700
0.307413 0.538954 0.823680
0.204090 0.476906 0.802750
0.272344 0.478783 0.828461
0.361797 0.460104 0.817499
0.325769 0.402544 0.816163
0.328730 0.610567 0.798994
0.254884 0.423786 0.824382
0.289643 0.593208 0.855736
0.317413 0.506134 0.846739
0.259523 0.527811 0.878028
0.205661 0.572637 0.842608
0.205850 0.435506 0.804959
0.163797 0.459009 0.804373
0.298742 0.444874 0.861500
0.222940 0.634799 0.788781
0.363117 0.566674 0.823951
0.342055 0.539133 0.865754
0.297544 0.372582 0.817246
0.172246 0.495452 0.846348
0.312134 0.650942 0.783975
0.329918 0.581786 0.857909
0.181842 0.535955 0.826333
0.289151 0.402054 0.869232
0.347730 0.512869 0.834815
0.213221 0.384435 0.786685
0.273283 0.627578 0.853929
0.369606 0.409454 0.796882
0.346256 0.445307 0.860251
0.174027 0.586014 0.809398
0.340532 0.648606 0.781761
0.264498 0.375340 0.833077
0.378090 0.436445 0.815645
0.352533 0.615428 0.829992
0.312185 0.626169 0.846143
0.200300 0.610376 0.826578
0.234656 0.397100 0.841792
0.372663 0.608189 0.791358
0.153995 0.528458 0.830444
0.383950 0.517576 0.816371
0.615550 0.515481 0.799696
0.291708 0.674539 0.789514
0.264601 0.669885 0.807508
0.397459 0.536690 0.775831
0.178313 0.415877 0.823710
0.247171 0.635443 0.827871
0.389227 0.555449 0.809684
0.353895 0.554763 0.857581
0.323323 0.364312 0.819033
0.222170 0.366687 0.810679
0.301895 0.648810 0.832621
0.361004 0.407160 0.834114
0.149339 0.565066 0.808941
0.346329 0.384614 0.812318
0.145482 0.454021 0.796236
0.386238 0.487132 0.814432
0.263660 0.345522 0.810836
0.180749 0.614719 0.797007
0.362260 0.634201 0.797508
0.214775 0.653553 0.810765
0.412851 0.511413 0.804995
0.128075 0.522100 0.784383
0.287099 0.344725 0.810469
0.187666 0.391391 0.803461
0.244764 0.359461 0.824689
0.161155 0.442697 0.819092
0.382735 0.416384 0.817117
0.371553 0.538250 0.840357
0.330338 0.666353 0.803672
0.336649 0.345585 0.790423
0.262353 0.650096 0.843792
0.136693 0.497725 0.819219
0.303695 0.676204 0.802060
0.158454 0.592401 0.810411
0.402398 0.478185 0.805606
0.231953 0.373193 0.837815
0.155778 0.415652 0.787665
0.342373 0.356083 0.811993
0.425704 0.499207 0.793730
0.183599 0.604314 0.834925
0.201178 0.642288 0.821788
0.372001 0.382972 0.796876
0.170634 0.400074 0.787009
0.279403 0.327048 0.788945
0.269478 0.355614 0.837042
0.126178 0.473660 0.795373
0.393895 0.459872 0.809527
0.201509 0.368086 0.805019
0.396461 0.610804 0.790858
0.401067 0.558237 0.795848
0.136416 0.546086 0.813103
0.145547 0.434136 0.797395
0.415166 0.493122 0.812031
0.245062 0.664253 0.795969
0.393674 0.510953 0.825604
0.256091 0.679894 0.794513
0.281624 0.659767 0.830653
0.235778 0.345308 0.805606
0.379046 0.398011 0.813430
0.347766 0.664339 0.800525
0.128056 0.556397 0.794680
0.386125 0.628169 0.788578
0.138619 0.468607 0.820139
0.308085 0.340554 0.823895
0.620850 0.538647 0.797424
0.417044 0.550631 0.783439
0.393126 0.433937 0.810120
0.385714 0.536472 0.839228
0.623703 0.498844 0.802858
0.187714 0.644765 0.802577
0.395907 0.540485 0.810921
0.166845 0.617793 0.785828
0.390913 0.589053 0.820542
0.167236 0.413966 0.820568
0.125413 0.499827 0.810485
0.318523 0.333659 0.791560
0.214247 0.352385 0.815278
0.249417 0.338403 0.819638
0.121498 0.536317 0.787816
0.182178 0.370071 0.796953
0.407637 0.459256 0.793358
0.609800 0.502832 0.811403
0.292785 0.685370 0.810733
0.270948 0.684734 0.804365
0.354826 0.357935 0.805600
0.398698 0.495968 0.816057
0.132158 0.570120 0.811451
0.421710 0.529981 0.796711
0.291018 0.327353 0.811476
0.391655 0.419591 0.793552
0.142561 0.580867 0.816616
0.423357 0.511093 0.810485
0.347096 0.346431 0.792190
0.140596 0.449473 0.819977
0.205496 0.653497 0.827825
0.321519 0.677266 0.799288
0.404115 0.577094 0.812600
0.387465 0.387049 0.807170
0.130839 0.456089 0.808922
0.230002 0.665736 0.809133
0.610293 0.534300 0.788591
0.302845 0.323904 0.802901
0.139673 0.477715 0.837716
0.361778 0.653213 0.801872
0.439324 0.493864 0.801534
0.124430 0.576723 0.781891
0.172487 0.634823 0.801419
0.407839 0.581209 0.786848
0.132495 0.423629 0.782599
0.393657 0.626919 0.805513
0.194490 0.657439 0.804245
0.129315 0.478249 0.822597
0.140415 0.599193 0.798448
0.263483 0.323609 0.806021
0.178996 0.380227 0.810350
0.154745 0.609492 0.810834
0.630692 0.515863 0.789370
0.419026 0.472386 0.800796
0.402563 0.517704 0.822400
0.413744 0.570014 0.797395
0.401348 0.594687 0.805442
0.115171 0.516826 0.797580
0.296965 0.688895 0.797315
0.240876 0.332933 0.812926
0.402203 0.630271 0.794694
0.404196 0.449493 0.803989
0.215092 0.664503 0.818299
0.114891 0.462788 0.790673
0.202906 0.529521 0.834485
0.246834 0.678476 0.800271
0.391614 0.403727 0.807236
0.372485 0.643929 0.804067
0.412134 0.482601 0.820130
0.425024 0.487070 0.807647
0.336663 0.677210 0.796828
0.618082 0.486811 0.799439
0.601123 0.489074 0.795064
0.432986 0.526361 0.808887
0.230826 0.332473 0.792461
0.131597 0.587830 0.791833
0.141421 0.418947 0.798186
0.226176 0.345635 0.817722
0.283557 0.685722 0.813773
0.243957 0.591629 0.779810
0.161517 0.384240 0.785030
0.209436 0.358267 0.823595
0.312307 0.686101 0.791433
0.451021 0.499564 0.802807
0.193956 0.359356 0.789090
0.238647 0.523730 0.804987
0.155577 0.492912 0.815348
0.131628 0.451306 0.821790
0.614554 0.541333 0.782046
0.125885 0.573419 0.809310
0.402712 0.620725 0.800688
0.125476 0.461123 0.816303
0.448356 0.480295 0.795809
0.601391 0.521213 0.790770
0.242124 0.463597 0.784643
0.401593 0.607214 0.809162
