0.611496 0.529441 0.991146
0.224657 0.528300 0.967765
0.243646 0.476962 0.962655
0.212756 0.496171 0.956231
0.288604 0.423853 0.950162
0.234525 0.441080 0.946577
0.288276 0.633848 0.917554
0.241783 0.420217 0.924387
0.361864 0.488107 0.922761
0.237990 0.459229 0.966541
0.206389 0.536418 0.947047
0.267819 0.635176 0.897768
0.352212 0.586812 0.912079
0.317679 0.400257 0.927066
0.234090 0.583416 0.950689
0.229004 0.631555 0.911280
0.302757 0.375619 0.897562
0.610235 0.526122 0.994488
0.612449 0.528897 0.989629
0.222503 0.571078 0.962835
0.369222 0.493035 0.921530
0.296599 0.444194 0.951686
0.236991 0.621242 0.915474
0.343202 0.407420 0.916424
0.267254 0.629072 0.918500
0.245402 0.632923 0.904527
0.306345 0.626834 0.919194
0.303692 0.622015 0.927123
0.235199 0.630974 0.914136
0.283190 0.628880 0.926999
0.316848 0.608060 0.926238
0.610762 0.527830 0.995960
0.304626 0.593880 0.941485
0.289218 0.607787 0.937887
0.241519 0.612213 0.922458
0.256852 0.611221 0.924449
0.333908 0.595287 0.918750
0.278707 0.611712 0.931795
0.211895 0.606065 0.905110
0.310753 0.601073 0.941076
0.612266 0.529492 0.991277
0.239732 0.604103 0.931905
0.268096 0.592091 0.949971
0.325823 0.599163 0.922242
0.223001 0.606180 0.915767
0.286782 0.594611 0.947307
0.609355 0.521700 0.997777
0.201414 0.587377 0.919513
0.335847 0.585917 0.934610
0.244931 0.591771 0.941276
0.301908 0.583053 0.947218
0.217304 0.590861 0.919398
0.270376 0.585021 0.955141
0.365568 0.568049 0.912495
0.284144 0.587390 0.950344
0.351224 0.578096 0.921073
0.220017 0.579514 0.935169
0.200622 0.584581 0.930022
0.225271 0.585687 0.930284
0.324954 0.584967 0.932174
0.190466 0.577930 0.913701
0.258266 0.573531 0.959931
0.282077 0.568432 0.963403
0.335484 0.571850 0.935814
0.267344 0.561172 0.965969
0.636844 0.528294 0.912793
0.255711 0.565247 0.965923
0.308996 0.570146 0.952112
0.241315 0.577244 0.955559
0.364863 0.543188 0.925405
0.196875 0.574930 0.929780
0.248621 0.559989 0.964371
0.203506 0.564304 0.944851
0.321762 0.560657 0.955850
0.176270 0.545567 0.919359
0.343272 0.559425 0.936964
0.616961 0.533644 0.980122
0.613343 0.528249 0.989144
0.635692 0.533596 0.904067
0.614601 0.530733 0.983513
0.632975 0.529567 0.917817
0.285284 0.560375 0.964052
0.623209 0.535121 0.922307
0.621884 0.533449 0.963211
0.637500 0.521421 0.930662
0.622596 0.538600 0.953675
0.630844 0.535936 0.895075
0.621653 0.533634 0.919474
0.222577 0.557384 0.951324
0.340735 0.537651 0.947054
0.368139 0.537107 0.924311
0.609022 0.520841 0.998084
0.615954 0.526582 0.982153
0.619771 0.535137 0.964230
0.199063 0.549315 0.942613
0.293814 0.549442 0.960855
0.609183 0.522187 0.997528
0.367418 0.529962 0.930614
0.618833 0.524407 0.966435
0.337596 0.541820 0.946513
0.630793 0.520119 0.943086
0.292064 0.558079 0.961328
0.620930 0.527390 0.948031
0.637569 0.520664 0.931273
0.649973 0.523586 0.898075
0.286962 0.548718 0.964743
0.347244 0.534265 0.948478
0.370977 0.538887 0.898494
0.626585 0.522252 0.950128
0.615781 0.532992 0.980223
0.621343 0.530048 0.933841
0.618707 0.532565 0.913468
0.307790 0.532161 0.944345
0.623319 0.525586 0.963070
0.616934 0.524061 0.980280
0.255395 0.539107 0.966501
0.615305 0.523939 0.908780
0.370699 0.519042 0.910205
0.614825 0.514811 0.918197
0.217274 0.537642 0.969223
0.243406 0.539069 0.979891
0.347796 0.524082 0.942174
0.659125 0.519099 0.924299
0.327573 0.534948 0.943890
0.629378 0.517752 0.946824
0.648303 0.520168 0.924563
0.369678 0.530522 0.909769
0.615229 0.526000 0.978296
0.611710 0.516744 0.988061
0.618858 0.516449 0.954278
0.316155 0.522928 0.947846
0.263353 0.527305 0.969218
0.295078 0.526774 0.960735
0.298790 0.524323 0.953841
0.362555 0.524244 0.934752
0.214571 0.543289 0.952037
0.619102 0.520922 0.975047
0.626090 0.515549 0.954363
0.272739 0.534623 0.965859
0.186492 0.533096 0.939744
0.364974 0.522068 0.930840
0.666920 0.514727 0.908512
0.622714 0.513488 0.964501
0.281614 0.514960 0.963678
0.655700 0.517841 0.904832
0.371488 0.505770 0.921487
0.256265 0.522807 0.984993
0.626904 0.504722 0.952621
0.618923 0.514566 0.972354
0.617725 0.519022 0.965417
0.340538 0.509247 0.960619
0.612161 0.507367 0.905247
0.632432 0.519106 0.931526
0.360132 0.507433 0.933754
0.616015 0.507931 0.928384
0.174727 0.522851 0.924897
0.613718 0.514164 0.983719
0.642626 0.520588 0.913050
0.213806 0.528150 0.953563
0.231649 0.501474 0.969344
0.244752 0.513197 0.983646
0.308716 0.508997 0.967189
0.619033 0.495524 0.946914
0.624231 0.505780 0.961271
0.623854 0.504161 0.956326
0.630757 0.503761 0.947838
0.621466 0.506353 0.966264
0.614985 0.514416 0.977500
0.617647 0.486220 0.939119
0.618562 0.506055 0.969824
0.364818 0.498100 0.928069
0.222911 0.503986 0.959798
0.349314 0.507500 0.951482
0.611138 0.494014 0.904397
0.324756 0.508867 0.953995
0.371965 0.510656 0.908175
0.625201 0.516169 0.927522
0.327962 0.498989 0.958003
0.192508 0.532200 0.957842
0.269225 0.505896 0.968613
0.285915 0.503983 0.975348
0.622543 0.496974 0.947061
0.619124 0.504592 0.930955
0.620615 0.495830 0.949298
0.614910 0.503195 0.915888
0.614762 0.496990 0.901359
0.622478 0.508270 0.913698
0.167533 0.503918 0.920413
0.370976 0.486224 0.906564
0.289880 0.498245 0.973176
0.292973 0.486263 0.970370
0.310758 0.479776 0.958892
0.362413 0.496407 0.928591
0.256802 0.498688 0.975075
0.378713 0.497202 0.908141
0.340240 0.495975 0.948372
0.187302 0.512231 0.947181
0.231645 0.484261 0.963092
0.180307 0.497791 0.928213
0.203150 0.513538 0.952123
0.267329 0.479897 0.965166
0.319527 0.480609 0.957070
0.376823 0.476779 0.908205
0.615869 0.533172 1.000000
0.372482 0.464511 0.904627
0.379757 0.477549 0.895197
0.360697 0.474807 0.920813
0.174218 0.483246 0.921481
0.334726 0.473225 0.959881
0.223785 0.483336 0.958049
0.279504 0.484194 0.965825
0.308924 0.451606 0.952435
0.210976 0.476949 0.950995
0.329184 0.459890 0.946316
0.201427 0.477251 0.946520
0.218006 0.478273 0.956396
0.291040 0.465330 0.956727
0.232970 0.466046 0.966758
0.177861 0.460879 0.919193
0.197307 0.468319 0.933381
0.246693 0.447556 0.956786
0.338241 0.468524 0.945657
0.187384 0.473486 0.931413
0.254565 0.458446 0.963102
0.271407 0.459941 0.959777
0.286067 0.439473 0.951036
0.342493 0.458916 0.936259
0.214443 0.457553 0.940014
0.183170 0.454643 0.919957
0.359115 0.445975 0.919760
0.229444 0.461922 0.952273
0.346339 0.429351 0.930438
0.249550 0.441840 0.953821
0.263569 0.444359 0.958238
0.183744 0.439108 0.910734
0.278349 0.432328 0.951616
0.316208 0.428472 0.938443
0.203521 0.441176 0.915523
0.250569 0.430262 0.944176
0.336002 0.438104 0.930817
0.257561 0.424928 0.941292
0.223294 0.441445 0.941924
0.216979 0.443800 0.936051
0.343688 0.421985 0.929169
0.208993 0.423883 0.911644
0.228781 0.425403 0.933467
0.336256 0.415062 0.938968
0.217476 0.420758 0.909441
0.327643 0.431118 0.933688
0.272960 0.424790 0.950623
0.314556 0.421555 0.936153
0.236534 0.430239 0.931384
0.360166 0.425108 0.908189
0.297237 0.422484 0.948591
0.291686 0.405043 0.939007
0.316588 0.396003 0.925207
0.246662 0.397929 0.907098
0.260074 0.409962 0.950670
0.256439 0.405755 0.932870
0.232908 0.409196 0.911248
0.272698 0.382426 0.906625
0.333237 0.397399 0.926161
0.316130 0.389269 0.912096
0.303687 0.382965 0.908662
0.293167 0.383129 0.923794
0.265053 0.387036 0.912745
0.274029 0.407930 0.931920
0.310397 0.396594 0.922126
0.293857 0.395463 0.922636
0.277441 0.396653 0.919052
0.258599 0.395932 0.921535
0.177731 0.437645 0.896376
0.313396 0.548522 0.952326
0.625417 0.527595 0.944620
0.332102 0.513434 0.944212
0.185350 0.553807 0.927621
0.252811 0.590372 0.945733
0.345493 0.587355 0.922617
0.617891 0.511105 0.938872
0.350399 0.562512 0.924062
0.352462 0.565924 0.919194
0.335364 0.522951 0.949026
0.195974 0.553534 0.935264
0.232061 0.522607 0.969557
0.350989 0.493317 0.947984
0.358699 0.492016 0.940631
0.344320 0.487043 0.946435
0.351458 0.476070 0.953861
0.360042 0.484750 0.932998
0.358215 0.455150 0.941374
0.317604 0.502070 0.959573
0.330071 0.498957 0.960802
0.304766 0.462088 0.955551
0.345040 0.442042 0.928330
0.298549 0.462122 0.962340
0.239877 0.520859 0.970543
0.262097 0.501603 0.975196
0.245144 0.499128 0.981214
0.252405 0.498512 0.988338
0.250000 0.468158 0.964507
0.242771 0.490120 0.979654
0.257567 0.482383 0.967027
0.240748 0.499073 0.973532
0.217379 0.518003 0.951873
0.209507 0.485696 0.955130
0.204500 0.501708 0.953265
0.347838 0.449964 0.929181
0.289283 0.430174 0.949412
0.282346 0.418636 0.943515
0.302459 0.394805 0.923505
0.298984 0.400093 0.931560
0.297782 0.401996 0.939776
0.308553 0.413549 0.935353
0.245328 0.438418 0.944656
0.277776 0.450335 0.957632
0.232207 0.447748 0.950101
0.280848 0.410955 0.940310
0.302414 0.630446 0.914975
0.285483 0.637964 0.912369
0.294221 0.634552 0.905972
0.271512 0.631881 0.909356
0.352897 0.593131 0.907327
0.341226 0.592091 0.918979
0.248804 0.627677 0.910197
0.231569 0.625375 0.913101
0.362555 0.569470 0.918307
0.190173 0.562415 0.913323
0.168126 0.553062 0.914689
0.167738 0.537052 0.912537
0.165528 0.527136 0.922380
0.162750 0.520422 0.919247
0.159170 0.506967 0.916700
0.190364 0.500998 0.942546
0.194208 0.480205 0.942847
0.179517 0.448083 0.907825
0.174753 0.444980 0.899685
0.369850 0.451573 0.898388
0.345731 0.415506 0.919674
0.320559 0.384717 0.908190
0.339097 0.392020 0.912050
0.320596 0.392470 0.919808
0.302948 0.411811 0.939553
0.316155 0.410952 0.933358
0.321726 0.395250 0.922904
0.328935 0.411716 0.923878
0.347763 0.397932 0.910374
0.327775 0.390144 0.913679
0.351592 0.406090 0.912422
0.327298 0.417453 0.935231
0.340725 0.413252 0.924910
0.352700 0.420131 0.915955
0.349532 0.421737 0.924318
0.365955 0.444184 0.907197
0.361179 0.436384 0.912650
0.174789 0.460467 0.910681
0.175227 0.453918 0.908104
0.167075 0.460976 0.898777
0.168177 0.469727 0.902491
0.174504 0.474299 0.915321
0.179858 0.469447 0.928232
0.180928 0.479219 0.925031
0.161947 0.500294 0.902292
0.173115 0.496143 0.924818
0.171951 0.504854 0.926859
0.182070 0.492299 0.930868
0.159129 0.509938 0.902003
0.184019 0.462981 0.930381
0.190060 0.469486 0.938793
0.189616 0.459445 0.925816
0.186271 0.483407 0.936147
0.192235 0.489240 0.937088
0.191137 0.477005 0.943349
0.364520 0.456879 0.910724
0.374842 0.472847 0.903937
0.375577 0.455989 0.882249
0.378598 0.484002 0.898637
0.375475 0.495261 0.913513
0.373805 0.497128 0.916787
0.380861 0.466423 0.885366
0.380674 0.491088 0.900110
0.166368 0.515636 0.923455
0.175441 0.513135 0.931075
0.184180 0.517523 0.931727
0.186411 0.506256 0.933481
0.181473 0.530179 0.933101
0.186186 0.525171 0.942901
0.181274 0.542115 0.928982
0.174068 0.536426 0.921017
0.179637 0.547264 0.922458
0.186669 0.545666 0.931912
0.173142 0.553269 0.917800
0.180632 0.561905 0.914783
0.368172 0.518892 0.916008
0.368557 0.547652 0.903382
0.370473 0.559627 0.901467
0.365167 0.553858 0.912290
0.364638 0.561293 0.920958
0.367290 0.571572 0.899784
0.195538 0.586652 0.928420
0.193499 0.588965 0.907969
0.203835 0.596872 0.907597
0.205525 0.589465 0.920314
0.217692 0.598400 0.915164
0.199752 0.598352 0.900181
0.233416 0.589927 0.935305
0.229256 0.602415 0.920921
0.233741 0.618471 0.924484
0.229059 0.617519 0.917130
0.225862 0.627655 0.913610
0.231341 0.631256 0.907570
0.246228 0.620309 0.917055
0.255483 0.617951 0.916044
0.249763 0.609893 0.924722
0.257563 0.629613 0.910761
0.254701 0.634891 0.901168
0.364026 0.584649 0.901040
0.359368 0.588296 0.905484
0.355125 0.574465 0.912017
0.327477 0.602784 0.907773
0.169952 0.450580 0.897553
0.298667 0.389622 0.925149
0.309029 0.388970 0.910781
0.278612 0.633135 0.922781
0.272103 0.629615 0.919310
0.282376 0.636090 0.927566
0.240324 0.633650 0.897263
0.261645 0.634342 0.901664
0.315149 0.626473 0.911362
0.265032 0.423632 0.943195
0.261862 0.416511 0.940448
0.271907 0.416956 0.939353
0.257641 0.432573 0.946456
0.268197 0.431413 0.948853
0.237458 0.439803 0.945849
0.245530 0.430477 0.931722
0.253780 0.446826 0.961617
0.268346 0.438292 0.960385
0.286769 0.426054 0.950148
0.225700 0.446304 0.943943
0.231633 0.433403 0.935168
0.237244 0.443051 0.949427
0.306406 0.423626 0.940953
0.302897 0.402181 0.938009
0.297462 0.414695 0.946949
0.304923 0.399849 0.936843
0.309216 0.432366 0.944623
0.301012 0.433131 0.946909
0.326879 0.445256 0.932368
0.303725 0.443183 0.953102
0.341398 0.428840 0.932824
0.333599 0.422616 0.943176
0.355470 0.430731 0.923812
0.352000 0.436792 0.926896
0.217741 0.450073 0.943147
0.211630 0.450522 0.939102
0.200146 0.454850 0.922572
0.208349 0.456265 0.935453
0.219305 0.457944 0.943682
0.229697 0.476702 0.959732
0.224910 0.469147 0.953378
0.215766 0.469535 0.946678
0.196515 0.477195 0.943956
0.206054 0.471923 0.941283
0.215893 0.485236 0.958023
0.197778 0.495283 0.946352
0.205738 0.495964 0.954952
0.220254 0.496599 0.959739
0.214587 0.505298 0.953533
0.233354 0.493709 0.969693
0.228402 0.494574 0.966285
0.193903 0.519258 0.942379
0.251779 0.451612 0.964171
0.239650 0.457644 0.964451
0.246618 0.456895 0.962732
0.269012 0.453240 0.958510
0.258312 0.453122 0.962475
0.264188 0.461070 0.963370
0.239819 0.460836 0.965307
0.258641 0.472776 0.959095
0.270743 0.474163 0.958534
0.278952 0.470295 0.959824
0.266763 0.488756 0.967279
0.273941 0.480706 0.975223
0.283111 0.494883 0.972820
0.248246 0.505107 0.980496
0.240357 0.493970 0.970915
0.237920 0.514726 0.970454
0.270024 0.497260 0.974775
0.301830 0.453407 0.952464
0.310921 0.442742 0.945171
0.332077 0.451048 0.934180
0.319273 0.453102 0.945815
0.334742 0.461920 0.943180
0.340784 0.445981 0.930625
0.281157 0.446749 0.950366
0.314279 0.462230 0.948704
0.295222 0.455932 0.951738
0.282890 0.459194 0.951402
0.322989 0.467135 0.951795
0.289240 0.480291 0.965041
0.303797 0.470264 0.958678
0.311810 0.468907 0.954891
0.301793 0.484094 0.964772
0.289039 0.490374 0.971949
0.293225 0.494510 0.982474
0.327579 0.486509 0.963351
0.319533 0.485508 0.960340
0.328640 0.476593 0.949472
0.297750 0.506134 0.977160
0.301871 0.496409 0.966215
0.310095 0.489822 0.964569
0.356680 0.463932 0.925358
0.357136 0.477944 0.932486
0.360914 0.461114 0.916855
0.367853 0.466143 0.912613
0.332930 0.464722 0.948210
0.373445 0.473111 0.912031
0.364177 0.479470 0.914786
0.351909 0.484981 0.941418
0.353651 0.499814 0.947433
0.355934 0.504919 0.944499
0.342840 0.502355 0.947752
0.354999 0.507669 0.944342
0.333901 0.502501 0.953971
0.621905 0.502559 0.907494
0.616538 0.499441 0.929418
0.620608 0.506543 0.931663
0.612691 0.500297 0.907503
0.614680 0.496190 0.925497
0.617762 0.511159 0.963264
0.621974 0.503635 0.955010
0.618572 0.502451 0.947415
0.610192 0.503315 0.906897
0.623716 0.513567 0.916369
0.628593 0.520461 0.914327
0.626026 0.494728 0.946177
0.207918 0.515560 0.952847
0.228551 0.515631 0.966574
0.188280 0.532726 0.943756
0.224787 0.531369 0.969402
0.207411 0.524933 0.953040
0.236845 0.532441 0.967763
0.205641 0.550182 0.954206
0.199180 0.533824 0.942169
0.190662 0.541805 0.944476
0.234652 0.550212 0.952660
0.223963 0.542319 0.952463
0.229851 0.538354 0.958545
0.213094 0.553292 0.949064
0.201201 0.555898 0.941765
0.189875 0.549206 0.931513
0.215859 0.561851 0.948839
0.204991 0.558957 0.950968
0.201807 0.563453 0.935677
0.191731 0.566425 0.928191
0.255693 0.508190 0.976652
0.250451 0.519511 0.984177
0.261481 0.510033 0.971278
0.249808 0.528643 0.980634
0.281916 0.534770 0.959093
0.270348 0.520512 0.964615
0.241216 0.542650 0.960360
0.258294 0.546435 0.989474
0.253188 0.529040 0.981251
0.279541 0.541059 0.961872
0.284888 0.540409 0.966037
0.249501 0.536522 0.971001
0.243771 0.555250 0.957364
0.247195 0.548211 0.965020
0.253297 0.554513 0.967534
0.259157 0.547946 0.966805
0.271792 0.542186 0.963727
0.277437 0.551700 0.957193
0.263132 0.565435 0.968552
0.233380 0.566966 0.954307
0.242113 0.565370 0.955393
0.231931 0.574339 0.950111
0.253895 0.577103 0.955931
0.250746 0.566700 0.957374
0.316579 0.515141 0.953923
0.300169 0.510595 0.974297
0.292824 0.510122 0.971346
0.289401 0.517880 0.970740
0.309582 0.516697 0.957818
0.324340 0.520867 0.950878
0.287897 0.528458 0.959118
0.324299 0.533250 0.947528
0.321551 0.548471 0.948644
0.316468 0.541806 0.944795
0.296320 0.537595 0.955848
0.306690 0.544618 0.957152
0.291187 0.542348 0.967180
0.297932 0.549039 0.951407
0.316783 0.557820 0.956596
0.327178 0.551232 0.942213
0.288629 0.553951 0.966376
0.300025 0.562595 0.951104
0.310408 0.556618 0.950226
0.315665 0.563750 0.956885
0.301964 0.574388 0.953045
0.293329 0.568259 0.957200
0.273994 0.563345 0.961327
0.288655 0.563178 0.963763
0.286613 0.571719 0.960004
0.313814 0.570292 0.946633
0.321308 0.565179 0.942769
0.360040 0.517668 0.930220
0.353934 0.520343 0.936526
0.365061 0.516199 0.930283
0.347370 0.514646 0.942034
0.356442 0.528735 0.934376
0.343835 0.521303 0.946982
0.344710 0.529485 0.947950
0.340674 0.529731 0.946834
0.366888 0.532714 0.935095
0.360075 0.537540 0.927514
0.349542 0.548463 0.938441
0.358571 0.555876 0.919302
0.336234 0.558559 0.942682
0.346037 0.569439 0.931050
0.330021 0.562131 0.945734
0.339723 0.567325 0.936758
0.618096 0.511834 0.955633
0.617362 0.519022 0.925523
0.622368 0.535352 0.902456
0.621545 0.537161 0.954652
0.628484 0.531859 0.905357
0.625430 0.527110 0.939354
0.619652 0.537560 0.969323
0.627178 0.529737 0.940924
0.641635 0.516451 0.902135
0.628121 0.506939 0.951583
0.637522 0.516745 0.936959
0.643561 0.522268 0.927498
0.634678 0.523519 0.934105
0.643783 0.531011 0.896789
0.203819 0.575319 0.940014
0.243398 0.589180 0.955758
0.224611 0.578777 0.948421
0.210488 0.578654 0.928703
0.214653 0.569995 0.940246
0.223410 0.596259 0.921090
0.262388 0.567019 0.960625
0.276150 0.576921 0.954151
0.257929 0.582524 0.952541
0.249097 0.586058 0.948102
0.264856 0.579788 0.955812
0.287310 0.579875 0.952760
0.261963 0.586971 0.951059
0.278500 0.583412 0.954277
0.282075 0.577209 0.962269
0.257305 0.592192 0.941855
0.277115 0.590360 0.941899
0.271933 0.599201 0.936672
0.283402 0.603784 0.940012
0.262228 0.596731 0.934741
0.252578 0.599498 0.932641
0.246596 0.600086 0.942213
0.284632 0.616374 0.930765
0.265801 0.612270 0.924406
0.262513 0.619255 0.915497
0.269708 0.619188 0.920596
0.280351 0.621488 0.925166
0.293510 0.624296 0.934246
0.324718 0.571928 0.938726
0.296025 0.576041 0.955011
0.307256 0.580146 0.954120
0.312941 0.580994 0.944650
0.293823 0.582931 0.951269
0.335917 0.578373 0.934347
0.316195 0.590744 0.937281
0.307006 0.590102 0.945534
0.294664 0.588414 0.944709
0.317245 0.598301 0.933611
0.328899 0.592736 0.925033
0.317036 0.604357 0.927735
0.295232 0.599678 0.935179
0.311692 0.612337 0.926587
0.322106 0.604615 0.919500
0.319599 0.619100 0.907919
0.305423 0.601290 0.929282
0.295050 0.617158 0.924325
0.307290 0.622450 0.922349
0.294506 0.627022 0.921334
0.341220 0.572742 0.931861
0.341304 0.582062 0.926592
0.337236 0.587572 0.924904
0.336843 0.485726 0.949938
0.353028 0.471073 0.939506
0.296648 0.471164 0.968282
0.277639 0.498070 0.972004
0.274831 0.487822 0.966986
0.238633 0.484586 0.964621
0.247925 0.482025 0.976243
0.234985 0.477210 0.966013
0.199242 0.487134 0.945474
0.205832 0.501646 0.953850
0.197583 0.506057 0.950150
0.290149 0.411859 0.938575
0.311282 0.401477 0.935021
0.298639 0.628763 0.918424
0.363790 0.579446 0.910933
0.242831 0.627590 0.913206
0.183959 0.494018 0.930667
0.175957 0.456892 0.913655
0.287805 0.375889 0.888776
0.180402 0.432564 0.897841
0.227005 0.421604 0.915517
0.218644 0.412877 0.899421
0.223207 0.425487 0.920589
0.235997 0.419456 0.925614
0.202741 0.426298 0.905778
0.198715 0.439759 0.912956
0.188604 0.429395 0.896536
0.219242 0.432458 0.928740
0.211496 0.425350 0.924475
0.209608 0.435177 0.927363
0.206300 0.447189 0.934333
0.207550 0.429761 0.917160
0.184048 0.445822 0.912729
0.269317 0.378723 0.902345
0.249637 0.385465 0.897208
0.252407 0.396351 0.910379
0.291271 0.381303 0.904140
0.235065 0.401499 0.905848
0.267981 0.393211 0.916489
0.269088 0.402441 0.927129
0.250161 0.403010 0.917988
0.288528 0.390428 0.916644
0.260502 0.408066 0.929309
0.239081 0.410483 0.918846
0.247435 0.410019 0.923784
0.256295 0.414787 0.935317
0.251075 0.424954 0.926994
0.295955 0.377500 0.903020
0.287800 0.403655 0.926578
0.241562 0.475228 0.898664
0.241715 0.567742 0.904563
0.277663 0.481844 0.902184
0.281324 0.565149 0.904989
0.291917 0.525818 0.903581
0.238913 0.527401 0.904603
0.200486 0.542038 0.895350
0.327331 0.470253 0.899486
0.253409 0.489428 0.924788
0.307693 0.495850 0.923895
0.291536 0.424132 0.915130
0.219573 0.457200 0.901694
0.330603 0.526944 0.899496
0.260851 0.552584 0.927071
0.330644 0.576381 0.898091
0.336939 0.500041 0.913225
0.258280 0.465532 0.921030
0.256762 0.581158 0.907692
0.316179 0.434077 0.910752
0.211290 0.480036 0.911369
0.195427 0.502854 0.896734
0.280807 0.453267 0.911979
0.272811 0.415693 0.904042
0.284833 0.550348 0.927458
0.308479 0.410382 0.909596
0.218676 0.549842 0.913788
0.214274 0.510948 0.921383
0.616139 0.520403 0.913549
0.233139 0.491731 0.934245
0.292676 0.576432 0.923504
0.304672 0.464615 0.917702
0.326964 0.555553 0.920955
0.263802 0.529230 0.926537
0.193181 0.478628 0.917882
0.338375 0.439410 0.900002
0.311199 0.530705 0.919176
0.355767 0.533710 0.917569
0.240779 0.440872 0.913634
0.239615 0.584243 0.925558
0.247749 0.517387 0.942040
0.273568 0.503430 0.941682
0.301712 0.557344 0.934851
0.204287 0.463915 0.910460
0.264088 0.440390 0.934858
0.280313 0.596988 0.912167
0.220127 0.431477 0.899877
0.220176 0.515645 0.938495
0.195250 0.559579 0.900722
0.344635 0.460023 0.916759
0.313929 0.585302 0.917545
0.325597 0.485440 0.928298
0.254287 0.425350 0.914419
0.294891 0.599524 0.907356
0.181299 0.473653 0.911604
0.182755 0.524919 0.910638
0.223314 0.570234 0.921284
0.279973 0.427579 0.934876
0.351983 0.516394 0.915969
0.304577 0.427926 0.930081
0.323124 0.513701 0.928845
0.270348 0.624802 0.907584
0.211742 0.528560 0.928686
0.244460 0.617053 0.900162
0.315052 0.547302 0.940498
0.342433 0.561450 0.912952
0.205886 0.444256 0.902734
0.340287 0.412607 0.910834
0.324787 0.415605 0.914477
0.219003 0.493916 0.941124
0.345280 0.581679 0.906496
0.272153 0.548604 0.939851
0.365770 0.515062 0.904781
0.356648 0.492690 0.931881
0.619461 0.534217 0.897717
0.254587 0.536229 0.951077
0.315645 0.565829 0.931375
0.222206 0.591788 0.907867
0.610917 0.510370 0.895302
0.360564 0.459348 0.903494
0.290322 0.412389 0.925413
0.356891 0.554119 0.911640
0.249083 0.598196 0.916047
0.295177 0.546950 0.943810
0.267411 0.395452 0.910081
0.321799 0.396991 0.911541
0.333859 0.585068 0.918232
0.358193 0.480888 0.912527
0.639336 0.523991 0.893699
0.349045 0.425402 0.909693
0.284193 0.615093 0.921533
0.254500 0.626914 0.897822
0.341115 0.482357 0.931771
0.177159 0.512276 0.913943
0.367310 0.530413 0.903158
0.196616 0.512387 0.922031
0.628502 0.526987 0.921125
0.231502 0.627636 0.902766
0.204902 0.561274 0.926695
0.299985 0.400221 0.915376
0.249612 0.402471 0.902968
0.250076 0.438088 0.930222
0.324403 0.533006 0.935342
0.360971 0.496563 0.920519
0.313077 0.603454 0.917982
0.229465 0.427837 0.915303
0.263972 0.425243 0.932389
0.293648 0.625458 0.912465
0.185453 0.492945 0.923370
0.188643 0.461912 0.918421
0.202401 0.582527 0.915046
0.260266 0.409279 0.919754
0.371674 0.474193 0.897383
0.350557 0.441298 0.919507
0.365195 0.535881 0.920585
0.263987 0.611192 0.910660
0.313600 0.400960 0.916509
0.273460 0.410304 0.925055
0.359239 0.570425 0.901832
0.303746 0.589375 0.933673
0.177784 0.457044 0.904223
0.298014 0.385174 0.904960
0.186314 0.445973 0.905363
0.180468 0.544492 0.913955
0.281974 0.629221 0.920688
0.233686 0.613594 0.911242
0.242134 0.422325 0.919040
0.373580 0.496750 0.906687
0.242027 0.626023 0.900016
0.304586 0.622184 0.915209
0.361182 0.522455 0.923387
0.322336 0.599115 0.918150
0.343966 0.571495 0.922574
0.167202 0.515199 0.916759
0.213090 0.431581 0.916635
0.296345 0.402679 0.930402
0.312899 0.594211 0.929726
0.222985 0.443706 0.908335
