0.603887 0.522115 0.977228
0.219571 0.519941 0.957783
0.242783 0.473021 0.961312
0.208419 0.491539 0.952578
0.288861 0.422087 0.943664
0.228901 0.436128 0.940543
0.290056 0.627362 0.910364
0.239192 0.412069 0.925222
0.363538 0.482161 0.923772
0.233655 0.455771 0.953698
0.204351 0.532324 0.949068
0.266077 0.638891 0.897263
0.350427 0.584120 0.911709
0.320879 0.403152 0.924773
0.228749 0.578828 0.940756
0.224363 0.625576 0.897624
0.299577 0.368796 0.899375
0.608591 0.533190 0.977765
0.615653 0.512616 0.989341
0.222536 0.562817 0.946106
0.369498 0.489245 0.916945
0.295932 0.442079 0.950239
0.236297 0.615384 0.916666
0.342193 0.399223 0.912781
0.263646 0.624081 0.913945
0.244322 0.628965 0.902591
0.305980 0.623822 0.910692
0.301644 0.614854 0.920744
0.235901 0.624793 0.906123
0.284169 0.620787 0.918674
0.314945 0.611366 0.917504
0.617206 0.522632 0.994158
0.301077 0.592071 0.934706
0.286881 0.603863 0.932462
0.239603 0.606580 0.927187
0.256610 0.605687 0.926053
0.331785 0.597263 0.915749
0.273174 0.608120 0.930370
0.210391 0.601780 0.913774
0.308899 0.596293 0.930104
0.619180 0.534309 0.984329
0.234951 0.598384 0.931994
0.266177 0.589893 0.940611
0.324204 0.600020 0.917739
0.218810 0.601166 0.919432
0.284591 0.594184 0.936700
0.607635 0.514780 0.991886
0.198508 0.586554 0.916931
0.330558 0.583502 0.928171
0.239469 0.589240 0.938503
0.299787 0.581239 0.941923
0.214838 0.585108 0.928597
0.268316 0.580632 0.947029
0.366229 0.561318 0.908569
0.283328 0.585707 0.942944
0.346663 0.574235 0.921721
0.216484 0.576506 0.935918
0.201172 0.577611 0.927419
0.222825 0.583403 0.935244
0.323128 0.582144 0.933845
0.187515 0.573720 0.917611
0.254765 0.567396 0.953146
0.278476 0.562027 0.955451
0.330217 0.566450 0.937676
0.265768 0.551493 0.959550
0.644737 0.530139 0.906565
0.252770 0.557304 0.957937
0.307838 0.564590 0.947965
0.239341 0.570796 0.949342
0.363253 0.544362 0.920149
0.194737 0.569153 0.927957
0.244283 0.552880 0.958155
0.206843 0.560506 0.941538
0.321654 0.551405 0.946816
0.171620 0.540460 0.913514
0.341769 0.551400 0.937044
0.623574 0.533911 0.972861
0.622330 0.524359 0.984805
0.634283 0.540842 0.896155
0.613611 0.536328 0.967846
0.636473 0.536764 0.910029
0.280299 0.551786 0.959642
0.627911 0.538675 0.918769
0.628525 0.531505 0.960294
0.640472 0.529996 0.920235
0.623737 0.536126 0.946060
0.625699 0.541511 0.892232
0.619636 0.536845 0.912272
0.221791 0.552379 0.950682
0.341867 0.539692 0.939333
0.370892 0.539019 0.910730
0.615977 0.530762 0.995222
0.627236 0.524531 0.974111
0.610830 0.531993 0.952424
0.196866 0.541002 0.943307
0.296572 0.540222 0.961939
0.604120 0.527198 0.985799
0.366567 0.532613 0.918678
0.605096 0.523068 0.951912
0.335061 0.541684 0.944289
0.637520 0.527750 0.937328
0.295122 0.551458 0.957855
0.608879 0.526851 0.936482
0.643866 0.513863 0.928932
0.647924 0.529113 0.891693
0.282202 0.540898 0.962301
0.348604 0.535289 0.936519
0.375875 0.532868 0.897459
0.634522 0.523961 0.952354
0.606653 0.528405 0.965034
0.614085 0.532222 0.924067
0.613287 0.532457 0.905793
0.307384 0.525455 0.958862
0.632243 0.520251 0.964459
0.622602 0.513391 0.983157
0.254955 0.534285 0.964432
0.608242 0.525240 0.899566
0.375715 0.520393 0.897517
0.605835 0.517670 0.909164
0.218010 0.530573 0.956986
0.239848 0.530887 0.962901
0.346759 0.523642 0.937249
0.650355 0.520582 0.903077
0.327603 0.534147 0.947182
0.639573 0.517920 0.942882
0.647753 0.512063 0.915758
0.372630 0.527618 0.909661
0.604123 0.516069 0.966258
0.606986 0.509901 0.980608
0.604000 0.517404 0.940839
0.315079 0.520510 0.954986
0.261227 0.523978 0.967018
0.293549 0.520282 0.964289
0.301482 0.519937 0.961930
0.360649 0.524899 0.925607
0.212009 0.535379 0.951869
0.628110 0.514056 0.975075
0.636696 0.512371 0.955677
0.268938 0.528901 0.965628
0.182887 0.529460 0.933145
0.367359 0.521299 0.919021
0.652185 0.512637 0.892745
0.631299 0.508205 0.968411
0.278239 0.512926 0.967281
0.649697 0.507516 0.902707
0.372807 0.506624 0.911127
0.256435 0.516393 0.969195
0.636681 0.500832 0.950336
0.622996 0.504072 0.976330
0.603782 0.510218 0.955420
0.339260 0.508494 0.945779
0.604995 0.515547 0.892910
0.642969 0.503352 0.925407
0.361469 0.503714 0.926980
0.604426 0.509155 0.916875
0.171805 0.518381 0.919397
0.614903 0.505402 0.979367
0.646035 0.502047 0.912041
0.211159 0.523491 0.954319
0.227527 0.500950 0.963787
0.241712 0.509188 0.968401
0.307775 0.502027 0.959007
0.608662 0.498225 0.937537
0.633240 0.501938 0.961095
0.627895 0.495045 0.952637
0.638868 0.499320 0.936973
0.624624 0.498274 0.965334
0.607600 0.504244 0.968381
0.607058 0.500496 0.924208
0.615846 0.499038 0.967449
0.368102 0.499437 0.919743
0.219515 0.501453 0.959529
0.347818 0.504194 0.940519
0.606531 0.498698 0.896185
0.323802 0.505521 0.951303
0.377080 0.508325 0.897741
0.636479 0.494246 0.926048
0.323863 0.495334 0.951234
0.196042 0.520339 0.946615
0.270695 0.507642 0.967616
0.284055 0.503932 0.966602
0.623230 0.491796 0.940438
0.619293 0.488335 0.926774
0.614868 0.493234 0.940010
0.616370 0.486888 0.910776
0.614304 0.487381 0.891668
0.624633 0.487042 0.913569
0.163799 0.494191 0.909434
0.371102 0.479116 0.913671
0.289815 0.497193 0.965303
0.295717 0.481282 0.963083
0.311082 0.478327 0.957212
0.362713 0.492379 0.927378
0.257016 0.494392 0.967115
0.380299 0.497832 0.897144
0.337542 0.490332 0.944716
0.184694 0.508328 0.936969
0.228225 0.481164 0.959560
0.174708 0.495290 0.924770
0.199010 0.511238 0.949999
0.265963 0.479059 0.962505
0.318399 0.476178 0.950835
0.375577 0.472363 0.906656
0.612288 0.521152 1.000000
0.370765 0.455368 0.909773
0.380363 0.471234 0.893941
0.358120 0.463558 0.925572
0.169822 0.478532 0.916540
0.335452 0.471903 0.945067
0.220181 0.481502 0.955305
0.280990 0.480316 0.965144
0.309800 0.449548 0.950036
0.207668 0.471203 0.949189
0.323761 0.455793 0.944376
0.199865 0.472216 0.946146
0.216184 0.471858 0.952532
0.289261 0.463303 0.960724
0.230018 0.463524 0.956583
0.175959 0.457107 0.915166
0.196421 0.454906 0.933502
0.245015 0.443654 0.950445
0.337703 0.462515 0.942183
0.182911 0.467785 0.927903
0.255414 0.459747 0.957704
0.273601 0.460538 0.961797
0.287499 0.440467 0.949339
0.339477 0.453284 0.937917
0.209884 0.453698 0.941046
0.183185 0.447517 0.915302
0.358672 0.440854 0.918410
0.225666 0.454141 0.950963
0.345573 0.427567 0.924051
0.251226 0.436823 0.945289
0.264792 0.441151 0.949877
0.185295 0.431428 0.906847
0.278357 0.435745 0.949660
0.316980 0.431859 0.937635
0.197758 0.433677 0.921433
0.250015 0.426503 0.940590
0.332256 0.435849 0.932797
0.256481 0.420446 0.939987
0.220719 0.434379 0.935867
0.212698 0.435081 0.931114
0.340945 0.417111 0.925328
0.204871 0.414765 0.909459
0.224681 0.416594 0.925081
0.333118 0.416131 0.927531
0.213299 0.410723 0.910062
0.323818 0.428495 0.933690
0.274587 0.424869 0.945923
0.315795 0.421642 0.936101
0.232793 0.418693 0.929996
0.360964 0.419193 0.909186
0.297895 0.423556 0.943914
0.287854 0.401522 0.931627
0.317877 0.394988 0.922431
0.242137 0.390900 0.907581
0.267025 0.406420 0.932886
0.252609 0.401385 0.924880
0.229928 0.400644 0.908855
0.273642 0.382527 0.912272
0.334212 0.397416 0.916022
0.315445 0.386027 0.914847
0.299165 0.378675 0.910393
0.287370 0.383192 0.915193
0.259601 0.384097 0.908792
0.273293 0.402601 0.931065
0.309962 0.392236 0.922017
0.287895 0.392549 0.923637
0.273100 0.391883 0.922455
0.257425 0.393373 0.918725
0.177507 0.431615 0.896858
0.310980 0.542000 0.954718
0.631518 0.532497 0.944855
0.331097 0.512139 0.947934
0.185375 0.553557 0.926387
0.249295 0.587975 0.940282
0.343628 0.585315 0.916336
0.605267 0.519109 0.925850
0.348742 0.555635 0.929247
0.352536 0.563656 0.921736
0.329394 0.522852 0.947189
0.193809 0.550967 0.935238
0.228734 0.518539 0.961379
0.346211 0.487317 0.938748
0.355615 0.486066 0.932370
0.341205 0.479709 0.941745
0.343891 0.470054 0.939476
0.357472 0.475071 0.929306
0.351258 0.444142 0.925952
0.315946 0.498595 0.955028
0.330443 0.491070 0.949187
0.306520 0.459094 0.954221
0.342630 0.437316 0.928523
0.297638 0.460282 0.957385
0.237095 0.519254 0.964432
0.263413 0.501023 0.967347
0.243735 0.496627 0.966892
0.250913 0.488877 0.966362
0.249434 0.466507 0.959327
0.244459 0.483855 0.964127
0.258119 0.482405 0.963416
0.235953 0.500743 0.966520
0.215177 0.512109 0.957437
0.204230 0.481432 0.949634
0.197875 0.500947 0.948589
0.344883 0.448004 0.931940
0.292435 0.432015 0.947140
0.280402 0.418173 0.941881
0.301352 0.388903 0.919522
0.295957 0.396637 0.926854
0.295135 0.406344 0.934224
0.310327 0.413016 0.934755
0.243150 0.432662 0.942617
0.276239 0.451772 0.957935
0.231267 0.446041 0.947958
0.279844 0.407893 0.935263
0.302111 0.630808 0.903396
0.285666 0.635562 0.901558
0.294931 0.634382 0.900530
0.268799 0.631331 0.906376
0.346239 0.595687 0.905929
0.339584 0.594034 0.912694
0.249183 0.622444 0.911223
0.229012 0.618274 0.909257
0.359274 0.565669 0.915073
0.186156 0.563779 0.921608
0.166865 0.545329 0.904246
0.164497 0.534451 0.904481
0.165876 0.523005 0.909289
0.161269 0.514111 0.904000
0.162057 0.503145 0.906384
0.186319 0.497223 0.937657
0.191607 0.476113 0.940560
0.180103 0.440218 0.905781
0.172280 0.438441 0.894234
0.371771 0.444470 0.905858
0.345206 0.408884 0.917288
0.322000 0.381751 0.906128
0.339111 0.389803 0.905169
0.323276 0.389049 0.914093
0.301989 0.414153 0.938104
0.318642 0.411485 0.929611
0.326903 0.396390 0.919059
0.328219 0.407460 0.923272
0.347199 0.392796 0.903383
0.330620 0.387480 0.907929
0.350551 0.403214 0.909145
0.324616 0.417767 0.930421
0.337027 0.407087 0.921323
0.353627 0.413323 0.913270
0.348031 0.418090 0.920461
0.365630 0.437135 0.909343
0.359805 0.430267 0.913739
0.169047 0.457354 0.905851
0.171340 0.447983 0.899292
0.162649 0.455381 0.893990
0.163732 0.464313 0.902487
0.170282 0.467285 0.913332
0.177173 0.464655 0.920891
0.176095 0.474004 0.923575
0.157745 0.493409 0.899718
0.169685 0.489191 0.917397
0.168587 0.500374 0.916172
0.175790 0.484052 0.925667
0.156218 0.505222 0.896839
0.183422 0.456841 0.922909
0.189429 0.459697 0.931258
0.189852 0.449538 0.923473
0.183294 0.478981 0.931726
0.188337 0.486214 0.938493
0.188388 0.469922 0.934557
0.364832 0.448106 0.914036
0.376501 0.462399 0.904217
0.377464 0.452095 0.900548
0.379212 0.480206 0.900126
0.376216 0.488371 0.905514
0.374582 0.498101 0.908185
0.381370 0.460138 0.891826
0.383193 0.487820 0.892650
0.167032 0.511329 0.913398
0.173292 0.506879 0.922399
0.178226 0.513224 0.928452
0.179624 0.501753 0.930907
0.176989 0.524259 0.925838
0.183529 0.519087 0.934888
0.176912 0.535307 0.922789
0.170872 0.529651 0.915322
0.178934 0.546544 0.921597
0.182916 0.538800 0.929894
0.172477 0.551580 0.910278
0.178819 0.557354 0.917024
0.373181 0.516183 0.909768
0.374875 0.544705 0.901369
0.372622 0.556254 0.901129
0.368169 0.550017 0.910416
0.361050 0.555713 0.917833
0.370033 0.568283 0.899031
0.194440 0.577986 0.920608
0.190718 0.583880 0.910786
0.203583 0.594148 0.915270
0.206649 0.585672 0.923314
0.212791 0.593362 0.920829
0.194488 0.594793 0.907772
0.230189 0.589657 0.935243
0.226935 0.599724 0.926185
0.231600 0.607991 0.921062
0.224222 0.609155 0.915053
0.220880 0.618168 0.905558
0.230178 0.629207 0.896854
0.244577 0.613816 0.920109
0.252648 0.613870 0.919135
0.248075 0.605544 0.927040
0.256493 0.623397 0.911465
0.252750 0.631562 0.901941
0.365456 0.579660 0.898480
0.357926 0.582438 0.905522
0.354396 0.574163 0.914955
0.330209 0.606549 0.909741
0.166158 0.446022 0.890578
0.294034 0.385762 0.917122
0.307298 0.383100 0.914011
0.276581 0.627072 0.912491
0.270644 0.623332 0.915982
0.282453 0.629781 0.909442
0.238321 0.633247 0.895244
0.260434 0.632599 0.903718
0.314578 0.625247 0.904220
0.265676 0.422768 0.943355
0.262662 0.413700 0.936865
0.272103 0.414385 0.938888
0.259351 0.430886 0.944973
0.269012 0.432487 0.947787
0.234844 0.429004 0.937581
0.241165 0.422354 0.935054
0.257706 0.441237 0.948567
0.273191 0.442715 0.951790
0.283524 0.428964 0.946838
0.223355 0.444392 0.943796
0.226201 0.426200 0.933411
0.237168 0.439358 0.945279
0.306781 0.422407 0.940992
0.303543 0.404880 0.932105
0.294230 0.415457 0.939674
0.304513 0.397115 0.926767
0.309636 0.431464 0.941296
0.301050 0.432671 0.944272
0.322782 0.438774 0.937758
0.304768 0.441477 0.947248
0.337704 0.427633 0.927874
0.330371 0.425594 0.929995
0.353628 0.424311 0.916484
0.351656 0.434443 0.921599
0.215938 0.444136 0.938901
0.208848 0.444291 0.935072
0.196182 0.443968 0.925710
0.202589 0.450143 0.934845
0.217923 0.453815 0.946003
0.224899 0.472219 0.955623
0.220929 0.463094 0.951813
0.212345 0.462717 0.946494
0.195601 0.465149 0.939057
0.203341 0.461391 0.942659
0.212130 0.481387 0.952056
0.193283 0.493405 0.943686
0.200834 0.491435 0.949889
0.215892 0.491517 0.955926
0.211880 0.502126 0.955376
0.231256 0.491060 0.962774
0.223544 0.491226 0.960062
0.190711 0.514461 0.942493
0.252433 0.448733 0.951430
0.239416 0.450538 0.953236
0.246861 0.455756 0.955465
0.268376 0.451620 0.956655
0.260500 0.451320 0.954398
0.263975 0.461136 0.959576
0.239995 0.462691 0.958044
0.258951 0.470722 0.960058
0.269148 0.469168 0.962799
0.280119 0.468425 0.962844
0.264648 0.489502 0.963875
0.274146 0.476693 0.964192
0.281878 0.492141 0.965963
0.249481 0.501444 0.968881
0.238452 0.490779 0.964127
0.232898 0.509818 0.964418
0.269958 0.496680 0.965832
0.300421 0.450682 0.953546
0.313524 0.440754 0.942824
0.327805 0.445590 0.938929
0.318713 0.448171 0.943376
0.332091 0.453869 0.941761
0.336581 0.444253 0.935240
0.282443 0.446474 0.954817
0.315189 0.457678 0.949118
0.291093 0.451469 0.956376
0.282906 0.457445 0.959712
0.320766 0.465828 0.948092
0.288121 0.474131 0.963346
0.304548 0.469175 0.957685
0.312662 0.467606 0.953749
0.303565 0.479914 0.960313
0.288153 0.485537 0.964631
0.295117 0.491229 0.963556
0.324428 0.483993 0.949809
0.317026 0.487278 0.953899
0.326742 0.473735 0.948158
0.298826 0.500624 0.962488
0.302582 0.491352 0.960928
0.309759 0.490140 0.957989
0.351880 0.455618 0.929090
0.351449 0.467125 0.932739
0.358236 0.451867 0.922109
0.364302 0.459590 0.917858
0.329192 0.463983 0.945051
0.370088 0.467023 0.912811
0.364135 0.471535 0.920428
0.349817 0.477756 0.935865
0.349610 0.494284 0.937110
0.355886 0.497810 0.933874
0.341438 0.498171 0.943238
0.354408 0.508920 0.933978
0.332602 0.501020 0.948796
0.621550 0.485349 0.898641
0.611678 0.492136 0.922817
0.628008 0.489994 0.927045
0.610889 0.492087 0.903757
0.607001 0.499074 0.911354
0.609945 0.498869 0.954224
0.618795 0.495012 0.954022
0.604846 0.508783 0.931784
0.604688 0.507622 0.901151
0.633035 0.489688 0.913766
0.640702 0.495204 0.913064
0.631904 0.493468 0.939741
0.207545 0.512708 0.953882
0.223807 0.510281 0.960907
0.189661 0.525131 0.940682
0.224907 0.526819 0.959746
0.203226 0.521623 0.950317
0.232428 0.528718 0.961772
0.205538 0.542202 0.947387
0.196817 0.530287 0.945347
0.189991 0.535227 0.938827
0.228106 0.546694 0.956075
0.220030 0.541429 0.953923
0.226343 0.536403 0.959021
0.214175 0.546322 0.948728
0.201033 0.550705 0.942128
0.187963 0.544631 0.933018
0.215105 0.557530 0.944939
0.208471 0.551505 0.945422
0.198771 0.560469 0.935596
0.191668 0.559877 0.929768
0.256309 0.505886 0.968833
0.249239 0.513028 0.969568
0.263348 0.512453 0.968770
0.244339 0.521400 0.966713
0.276446 0.524107 0.966193
0.270040 0.518186 0.967319
0.234390 0.539646 0.960568
0.262353 0.533858 0.964782
0.252060 0.524506 0.968484
0.275081 0.535707 0.963842
0.282274 0.531342 0.964561
0.247384 0.533561 0.963448
0.236129 0.550182 0.956973
0.242451 0.542377 0.960681
0.250741 0.545160 0.961284
0.259360 0.543261 0.962189
0.267836 0.540478 0.962662
0.273793 0.546901 0.960753
0.258053 0.552303 0.959169
0.229558 0.557447 0.951809
0.237381 0.560679 0.952982
0.230918 0.568522 0.947296
0.247393 0.571988 0.949797
0.245842 0.563059 0.953868
0.315498 0.509063 0.955182
0.300658 0.510366 0.962013
0.292580 0.508058 0.964796
0.286682 0.513741 0.965959
0.308438 0.513699 0.958536
0.322810 0.516155 0.951249
0.284945 0.522548 0.965595
0.321450 0.527503 0.951192
0.319977 0.539175 0.950503
0.313620 0.531730 0.954808
0.298419 0.529473 0.961955
0.304913 0.535971 0.958805
0.290114 0.532785 0.963162
0.302687 0.546726 0.956669
0.315462 0.548491 0.950669
0.327332 0.544830 0.945496
0.288773 0.545221 0.960731
0.301422 0.558188 0.953182
0.308500 0.553438 0.952330
0.315044 0.558999 0.947327
0.300750 0.569694 0.947783
0.294145 0.562494 0.953480
0.271357 0.558033 0.956975
0.287275 0.556338 0.956794
0.286415 0.566429 0.952783
0.314877 0.569238 0.942973
0.322152 0.562821 0.942335
0.360804 0.514599 0.926500
0.353740 0.518919 0.932499
0.367364 0.510483 0.920060
0.346241 0.513902 0.939440
0.354165 0.529607 0.931572
0.337918 0.519236 0.942554
0.341699 0.529105 0.939895
0.335183 0.530441 0.943561
0.360234 0.535146 0.924520
0.355450 0.541020 0.928638
0.348664 0.545931 0.933187
0.355500 0.551392 0.924881
0.334254 0.551008 0.940892
0.344622 0.563408 0.929387
0.328720 0.556455 0.941764
0.336974 0.560292 0.936719
0.605216 0.505757 0.945035
0.609198 0.525969 0.917653
0.618393 0.537794 0.894500
0.615394 0.534221 0.940971
0.626806 0.540340 0.905168
0.620554 0.537214 0.929077
0.619225 0.537573 0.956917
0.627778 0.536902 0.933510
0.644922 0.496482 0.898697
0.641185 0.508211 0.941745
0.642415 0.522824 0.930108
0.646969 0.522420 0.917752
0.634381 0.534662 0.926637
0.641017 0.535513 0.894869
0.204001 0.568840 0.934966
0.235308 0.579975 0.943316
0.222722 0.571992 0.941340
0.209156 0.576706 0.932495
0.213794 0.567458 0.939618
0.221508 0.592448 0.928101
0.262554 0.562137 0.955276
0.270128 0.569302 0.952325
0.253012 0.577737 0.947046
0.243900 0.580406 0.944230
0.261817 0.572928 0.950706
0.284676 0.576263 0.948171
0.259294 0.583086 0.944658
0.275920 0.579250 0.947354
0.278435 0.570631 0.951469
0.257365 0.591106 0.938963
0.275157 0.589789 0.941311
0.270282 0.598415 0.935995
0.278336 0.600033 0.934427
0.261535 0.598242 0.933775
0.252284 0.597162 0.932790
0.243768 0.597151 0.933904
0.280964 0.610604 0.927552
0.264985 0.606661 0.928759
0.260258 0.614604 0.920411
0.268054 0.615364 0.922981
0.276191 0.617319 0.921955
0.288075 0.612833 0.925003
0.322560 0.572561 0.938041
0.293438 0.572953 0.948360
0.307277 0.575400 0.942447
0.315095 0.579375 0.939187
0.291304 0.581294 0.943876
0.330788 0.575288 0.932537
0.315950 0.588533 0.932643
0.307614 0.585909 0.937342
0.292775 0.588992 0.938396
0.317597 0.595280 0.925280
0.325339 0.590732 0.924562
0.315463 0.602886 0.922013
0.293866 0.598382 0.933076
0.307880 0.607345 0.923375
0.322441 0.609353 0.913387
0.319098 0.618289 0.908934
0.301571 0.602861 0.927836
0.294956 0.608628 0.926772
0.310053 0.617348 0.915708
0.293226 0.618525 0.919176
0.338773 0.569986 0.930149
0.338858 0.579054 0.925371
0.335087 0.588545 0.921290
0.332895 0.481393 0.947264
0.345450 0.459685 0.935708
0.296354 0.470949 0.960437
0.276709 0.500145 0.966999
0.273585 0.487480 0.965029
0.236535 0.481152 0.961695
0.251263 0.476897 0.962605
0.234021 0.471762 0.959680
0.196279 0.483112 0.945485
0.204412 0.502134 0.953240
0.191834 0.504565 0.943387
0.287181 0.411606 0.937857
0.312362 0.402802 0.929014
0.297859 0.624693 0.911512
0.362548 0.572341 0.907141
0.241889 0.621054 0.911150
0.181230 0.490095 0.932334
0.176360 0.449650 0.907687
0.283752 0.370225 0.901219
0.182548 0.424592 0.896595
0.222527 0.407660 0.912986
0.215465 0.402278 0.900700
0.217906 0.416340 0.918601
0.231348 0.409032 0.919543
0.196634 0.418582 0.904861
0.193027 0.428380 0.912044
0.189581 0.421475 0.900257
0.217369 0.425777 0.926565
0.210223 0.420334 0.918448
0.207308 0.429144 0.924450
0.203577 0.438656 0.929569
0.201387 0.424088 0.916038
0.189280 0.439037 0.915772
0.267252 0.377861 0.904484
0.246118 0.380995 0.900914
0.250977 0.388375 0.909872
0.281909 0.378427 0.908702
0.234645 0.392140 0.903203
0.265905 0.387579 0.915840
0.265746 0.396556 0.924795
0.247134 0.396507 0.917351
0.280349 0.387576 0.919159
0.259725 0.403162 0.928476
0.238322 0.401385 0.914821
0.245474 0.406200 0.924973
0.253876 0.410780 0.932119
0.247576 0.416602 0.932803
0.291515 0.375083 0.906673
0.280414 0.397330 0.927679
0.237608 0.474225 0.890361
0.239377 0.562277 0.890226
0.279629 0.480208 0.894578
0.278716 0.563834 0.891466
0.286231 0.517256 0.908139
0.233316 0.522953 0.907339
0.198914 0.532027 0.893117
0.324394 0.461696 0.889555
0.252849 0.496544 0.916019
0.307390 0.493519 0.908521
0.288944 0.427534 0.894602
0.219021 0.452629 0.892295
0.331468 0.524519 0.900276
0.252733 0.545937 0.916817
0.324716 0.570201 0.891018
0.337655 0.495194 0.902818
0.258979 0.460123 0.907012
0.258641 0.575291 0.902486
0.314812 0.433594 0.892949
0.212081 0.482045 0.903736
0.189561 0.499387 0.888909
0.281169 0.453899 0.912290
0.270304 0.412241 0.895844
0.283038 0.542669 0.921000
0.305773 0.411161 0.895986
0.215905 0.546049 0.907265
0.207586 0.506541 0.914374
0.622669 0.510215 0.914823
0.231234 0.490958 0.921000
0.293380 0.574808 0.908470
0.304516 0.460105 0.910654
0.325563 0.546396 0.909255
0.263836 0.524812 0.927225
0.192511 0.476565 0.904505
0.336952 0.436162 0.889853
0.306394 0.524229 0.917594
0.347892 0.533233 0.899933
0.239054 0.433505 0.897797
0.235486 0.577214 0.911491
0.244616 0.514476 0.932571
0.272991 0.504171 0.933728
0.302700 0.553139 0.918065
0.203479 0.457021 0.903855
0.262791 0.441345 0.918357
0.273522 0.591129 0.900665
0.217288 0.427674 0.889171
0.222965 0.511624 0.927675
0.195252 0.552636 0.899520
0.338340 0.458122 0.906592
0.314272 0.581609 0.904787
0.323393 0.480536 0.913278
0.252441 0.418159 0.901977
0.294274 0.596204 0.898169
0.180951 0.467549 0.893987
0.184428 0.519264 0.897093
0.221926 0.565272 0.911217
0.278055 0.434183 0.918396
0.349334 0.511548 0.903642
0.302393 0.430238 0.912985
0.320701 0.510382 0.917885
0.268445 0.615688 0.891504
0.205118 0.526048 0.919913
0.243897 0.605446 0.892206
0.312090 0.539696 0.927221
0.339455 0.553634 0.906521
0.203411 0.437624 0.893050
0.334056 0.409433 0.891073
0.321050 0.417048 0.901850
0.215458 0.492607 0.926956
0.342178 0.577229 0.892142
0.268964 0.542791 0.933227
0.363492 0.511990 0.890174
0.347313 0.488946 0.914848
0.626924 0.524930 0.895096
0.252139 0.533434 0.937092
0.316309 0.563266 0.914553
0.221424 0.583361 0.902665
0.619267 0.504501 0.890461
0.354341 0.452633 0.893408
0.285061 0.412839 0.909971
0.353067 0.548947 0.899549
0.247123 0.589503 0.907598
0.297127 0.537996 0.932716
0.265219 0.396046 0.892331
0.322887 0.400578 0.895327
0.327546 0.582148 0.905206
0.350164 0.471618 0.905899
0.639912 0.514969 0.893408
0.345284 0.422805 0.895438
0.283682 0.605176 0.904219
0.253450 0.617894 0.889163
0.336831 0.474769 0.916638
0.176542 0.505980 0.897838
0.365437 0.526531 0.891844
0.193092 0.512225 0.915811
0.634055 0.516852 0.914579
0.231225 0.616614 0.888912
0.207359 0.558119 0.915684
0.296094 0.398687 0.901585
0.249908 0.401641 0.891807
0.248822 0.436861 0.917920
0.322310 0.527588 0.924029
0.358732 0.494146 0.901395
0.309766 0.602646 0.902337
0.226265 0.420858 0.902175
0.266430 0.424291 0.916403
0.294510 0.612540 0.895936
0.183277 0.490299 0.907737
0.190472 0.457835 0.902044
0.202908 0.574903 0.904951
0.258407 0.405697 0.906280
0.367651 0.468505 0.890195
0.345956 0.442756 0.903835
0.359416 0.536940 0.902483
0.263127 0.601089 0.904972
0.313996 0.404164 0.907585
0.272023 0.412475 0.916623
0.357923 0.562648 0.894011
0.303197 0.583282 0.915340
0.178147 0.455539 0.890839
0.291569 0.386948 0.897355
0.191211 0.441604 0.892096
0.182154 0.538838 0.902711
0.280929 0.619303 0.902055
0.231485 0.603727 0.899597
0.238127 0.415473 0.901592
0.369641 0.493758 0.889349
0.241159 0.618987 0.891781
0.303972 0.612878 0.902073
0.358486 0.519831 0.905665
0.317152 0.596395 0.907489
0.339758 0.564767 0.913610
0.168140 0.509017 0.897065
0.211766 0.430798 0.906020
0.292280 0.405857 0.916397
0.311155 0.588997 0.917044
0.217258 0.439955 0.896259
