0.603887 0.522115 0.977228
0.375850 0.570043 0.889245
0.350973 0.358490 0.845906
0.211923 0.671771 0.806992
0.139981 0.590846 0.817894
0.317963 0.335202 0.832494
0.225009 0.320915 0.786447
0.219571 0.519941 0.957783
0.242783 0.473021 0.961312
0.208419 0.491539 0.952578
0.288861 0.422087 0.943664
0.228901 0.436128 0.940543
0.303476 0.637664 0.893568
0.290056 0.627362 0.910364
0.284863 0.647498 0.884184
0.371998 0.577982 0.890105
0.239192 0.412069 0.925222
0.363538 0.482161 0.923772
0.190353 0.655212 0.817730
0.233655 0.455771 0.953698
0.125671 0.433325 0.809585
0.204351 0.532324 0.949068
0.345771 0.648559 0.848982
0.210364 0.640607 0.867814
0.266077 0.638891 0.897263
0.350427 0.584120 0.911709
0.320879 0.403152 0.924773
0.347148 0.640444 0.859856
0.228749 0.578828 0.940756
0.224363 0.625576 0.897624
0.348388 0.613662 0.890903
0.299577 0.368796 0.899375
0.302868 0.696202 0.778217
0.287264 0.696179 0.784207
0.311520 0.693234 0.780254
0.329255 0.686643 0.782454
0.280178 0.692330 0.791893
0.288836 0.691165 0.799300
0.314978 0.689534 0.794929
0.249348 0.686818 0.796075
0.343682 0.680149 0.792199
0.321760 0.678363 0.818401
0.228997 0.375181 0.880597
0.333989 0.682192 0.794605
0.293165 0.686526 0.813765
0.308811 0.687288 0.806968
0.273996 0.684824 0.818064
0.259117 0.682852 0.819683
0.243205 0.674998 0.825510
0.228341 0.672637 0.821894
0.346431 0.674126 0.805524
0.196543 0.667742 0.796515
0.327835 0.673331 0.822188
0.220928 0.667788 0.830555
0.316357 0.675005 0.828589
0.353910 0.666927 0.807451
0.282779 0.674244 0.838993
0.341883 0.670293 0.818718
0.366571 0.665222 0.786467
0.608591 0.533190 0.977765
0.257753 0.671712 0.844422
0.223582 0.662405 0.844210
0.228404 0.668064 0.834768
0.206769 0.659362 0.833764
0.182583 0.660530 0.787757
0.305192 0.661069 0.856799
0.615653 0.512616 0.989341
0.366127 0.659084 0.799630
0.222536 0.562817 0.946106
0.249725 0.660936 0.862842
0.334843 0.658192 0.840519
0.369498 0.489245 0.916945
0.353080 0.658195 0.821546
0.295932 0.442079 0.950239
0.236610 0.659146 0.853457
0.286278 0.661232 0.860544
0.249041 0.644690 0.884493
0.171483 0.645993 0.798240
0.263267 0.653501 0.875183
0.236297 0.615384 0.916666
0.214451 0.648472 0.860543
0.320587 0.649056 0.870111
0.376199 0.642464 0.811174
0.342193 0.399223 0.912781
0.365479 0.645806 0.829171
0.233063 0.650412 0.864371
0.340583 0.645283 0.859782
0.399602 0.632574 0.785975
0.184675 0.649394 0.821896
0.205997 0.633246 0.876306
0.197401 0.644236 0.849382
0.157675 0.635714 0.788324
0.263862 0.646115 0.887209
0.358786 0.643928 0.839158
0.389450 0.630115 0.808969
0.326438 0.641245 0.873616
0.263646 0.624081 0.913945
0.318195 0.633182 0.893985
0.327230 0.616159 0.904933
0.372497 0.637979 0.825505
0.231878 0.636900 0.885445
0.164716 0.628747 0.817280
0.244322 0.628965 0.902591
0.371885 0.632051 0.837563
0.275629 0.636410 0.901468
0.340238 0.629082 0.881758
0.172395 0.621713 0.845363
0.184069 0.642371 0.834881
0.223435 0.634065 0.884365
0.205579 0.618684 0.895026
0.404704 0.614426 0.801708
0.352010 0.627296 0.872776
0.208368 0.610676 0.906073
0.168165 0.610660 0.853552
0.305980 0.623822 0.910692
0.152383 0.615141 0.805517
0.193655 0.621799 0.880891
0.301644 0.614854 0.920744
0.235901 0.624793 0.906123
0.284169 0.620787 0.918674
0.314945 0.611366 0.917504
0.393296 0.611117 0.827681
0.351160 0.603372 0.897443
0.406769 0.595519 0.813094
0.378852 0.614340 0.847267
0.157982 0.596323 0.849279
0.617206 0.522632 0.994158
0.156442 0.603074 0.835899
0.301077 0.592071 0.934706
0.286881 0.603863 0.932462
0.343777 0.608379 0.900661
0.369931 0.604079 0.872340
0.389453 0.595320 0.846726
0.239603 0.606580 0.927187
0.256610 0.605687 0.926053
0.331785 0.597263 0.915749
0.188132 0.600674 0.897322
0.396900 0.593500 0.838669
0.372583 0.594683 0.878451
0.273174 0.608120 0.930370
0.409248 0.587422 0.808745
0.210391 0.601780 0.913774
0.308899 0.596293 0.930104
0.386817 0.589991 0.857833
0.619180 0.534309 0.984329
0.234951 0.598384 0.931994
0.358461 0.600190 0.891817
0.266177 0.589893 0.940611
0.324204 0.600020 0.917739
0.129781 0.595663 0.792561
0.218810 0.601166 0.919432
0.284591 0.594184 0.936700
0.400952 0.582452 0.835994
0.607635 0.514780 0.991886
0.198508 0.586554 0.916931
0.330558 0.583502 0.928171
0.426164 0.573164 0.786951
0.182735 0.578450 0.906673
0.392249 0.575279 0.859269
0.239469 0.589240 0.938503
0.299787 0.581239 0.941923
0.414193 0.573273 0.800375
0.214838 0.585108 0.928597
0.151683 0.593082 0.837125
0.268316 0.580632 0.947029
0.366229 0.561318 0.908569
0.283328 0.585707 0.942944
0.346663 0.574235 0.921721
0.216484 0.576506 0.935918
0.160723 0.580109 0.870901
0.148698 0.574081 0.851733
0.409154 0.568052 0.810998
0.201172 0.577611 0.927419
0.175143 0.572910 0.902937
0.222825 0.583403 0.935244
0.323128 0.582144 0.933845
0.401273 0.568928 0.834674
0.187515 0.573720 0.917611
0.190883 0.346825 0.793513
0.254765 0.567396 0.953146
0.417903 0.563031 0.804711
0.126010 0.570652 0.810766
0.382566 0.566942 0.880728
0.278476 0.562027 0.955451
0.135681 0.569678 0.831786
0.155513 0.560455 0.877868
0.109939 0.558602 0.790668
0.383614 0.556876 0.880675
0.389878 0.558710 0.856852
0.330217 0.566450 0.937676
0.404402 0.563159 0.821056
0.265768 0.551493 0.959550
0.136878 0.561064 0.839170
0.644737 0.530139 0.906565
0.252770 0.557304 0.957937
0.307838 0.564590 0.947965
0.421138 0.544192 0.808490
0.239341 0.570796 0.949342
0.363253 0.544362 0.920149
0.395993 0.564391 0.845675
0.194737 0.569153 0.927957
0.379250 0.550964 0.891826
0.244283 0.552880 0.958155
0.206843 0.560506 0.941538
0.321654 0.551405 0.946816
0.153791 0.542150 0.885289
0.171620 0.540460 0.913514
0.378245 0.540656 0.887716
0.341769 0.551400 0.937044
0.620564 0.540170 0.847935
0.616872 0.541473 0.799728
0.608978 0.537624 0.792934
0.625257 0.543082 0.801952
0.632581 0.540875 0.804886
0.612152 0.538721 0.809873
0.631954 0.539731 0.790310
0.637303 0.540564 0.880394
0.138190 0.546455 0.852491
0.633141 0.541904 0.836936
0.619032 0.540199 0.831933
0.382090 0.546684 0.876254
0.623574 0.533911 0.972861
0.622330 0.524359 0.984805
0.630599 0.543962 0.882262
0.634283 0.540842 0.896155
0.613611 0.536328 0.967846
0.144714 0.549741 0.863465
0.636473 0.536764 0.910029
0.280299 0.551786 0.959642
0.627911 0.538675 0.918769
0.634694 0.542319 0.853258
0.643646 0.534659 0.878613
0.628525 0.531505 0.960294
0.640472 0.529996 0.920235
0.623737 0.536126 0.946060
0.382797 0.541338 0.857824
0.625699 0.541511 0.892232
0.636935 0.532207 0.780867
0.613828 0.536118 0.843117
0.644584 0.532895 0.819018
0.619636 0.536845 0.912272
0.640832 0.538651 0.846412
0.642604 0.529040 0.803714
0.221791 0.552379 0.950682
0.341867 0.539692 0.939333
0.117356 0.551059 0.810074
0.370892 0.539019 0.910730
0.378984 0.538625 0.871099
0.615977 0.530762 0.995222
0.627236 0.524531 0.974111
0.615848 0.536819 0.876446
0.610830 0.531993 0.952424
0.196866 0.541002 0.943307
0.296572 0.540222 0.961939
0.604120 0.527198 0.985799
0.366567 0.532613 0.918678
0.605096 0.523068 0.951912
0.603535 0.523679 0.812542
0.335061 0.541684 0.944289
0.124709 0.537698 0.830128
0.637520 0.527750 0.937328
0.295122 0.551458 0.957855
0.608879 0.526851 0.936482
0.643866 0.513863 0.928932
0.605829 0.517750 0.867934
0.403215 0.541181 0.831985
0.647924 0.529113 0.891693
0.282202 0.540898 0.962301
0.430850 0.531630 0.804086
0.348604 0.535289 0.936519
0.129063 0.521259 0.844756
0.375875 0.532868 0.897459
0.611510 0.531950 0.888107
0.634522 0.523961 0.952354
0.641192 0.525479 0.787471
0.435972 0.542270 0.797668
0.650804 0.527135 0.825515
0.606653 0.528405 0.965034
0.650056 0.525120 0.858751
0.649237 0.527618 0.874779
0.614085 0.532222 0.924067
0.613287 0.532457 0.905793
0.388244 0.532080 0.851438
0.135316 0.529171 0.855297
0.307384 0.525455 0.958862
0.376911 0.531340 0.878923
0.403109 0.517528 0.839021
0.632243 0.520251 0.964459
0.622602 0.513391 0.983157
0.603280 0.513358 0.836360
0.254955 0.534285 0.964432
0.651619 0.520623 0.885690
0.380828 0.530644 0.861784
0.605898 0.521398 0.843900
0.606789 0.522212 0.857869
0.608242 0.525240 0.899566
0.645676 0.520199 0.794382
0.596322 0.521063 0.790513
0.375715 0.520393 0.897517
0.605835 0.517670 0.909164
0.146939 0.521334 0.879285
0.218010 0.530573 0.956986
0.239848 0.530887 0.962901
0.346759 0.523642 0.937249
0.650355 0.520582 0.903077
0.327603 0.534147 0.947182
0.111506 0.530702 0.806651
0.639573 0.517920 0.942882
0.647753 0.512063 0.915758
0.372630 0.527618 0.909661
0.376535 0.523871 0.885611
0.379350 0.520514 0.870726
0.384517 0.521052 0.859491
0.604123 0.516069 0.966258
0.606986 0.509901 0.980608
0.604000 0.517404 0.940839
0.607412 0.523328 0.883202
0.605200 0.511075 0.852119
0.645401 0.509331 0.787559
0.652106 0.506966 0.810985
0.315079 0.520510 0.954986
0.261227 0.523978 0.967018
0.293549 0.520282 0.964289
0.301482 0.519937 0.961930
0.360649 0.524899 0.925607
0.212009 0.535379 0.951869
0.628110 0.514056 0.975075
0.636696 0.512371 0.955677
0.654239 0.518828 0.834307
0.268938 0.528901 0.965628
0.182887 0.529460 0.933145
0.367359 0.521299 0.919021
0.601946 0.514932 0.818991
0.652185 0.512637 0.892745
0.631299 0.508205 0.968411
0.132238 0.511429 0.852228
0.438537 0.513835 0.805758
0.278239 0.512926 0.967281
0.649697 0.507516 0.902707
0.372807 0.506624 0.911127
0.256435 0.516393 0.969195
0.636681 0.500832 0.950336
0.440511 0.503871 0.810291
0.622996 0.504072 0.976330
0.603782 0.510218 0.955420
0.653227 0.516338 0.852155
0.339260 0.508494 0.945779
0.432468 0.506379 0.810828
0.604995 0.515547 0.892910
0.650125 0.502180 0.888739
0.642969 0.503352 0.925407
0.361469 0.503714 0.926980
0.391215 0.502497 0.859834
0.604426 0.509155 0.916875
0.379058 0.513715 0.883117
0.100956 0.496516 0.785375
0.171805 0.518381 0.919397
0.417233 0.516920 0.821857
0.614903 0.505402 0.979367
0.646035 0.502047 0.912041
0.652847 0.510021 0.878614
0.122286 0.518124 0.831376
0.211159 0.523491 0.954319
0.227527 0.500950 0.963787
0.241712 0.509188 0.968401
0.605870 0.503973 0.883607
0.601639 0.506674 0.825423
0.653319 0.501391 0.834848
0.307775 0.502027 0.959007
0.598297 0.507040 0.809906
0.605242 0.506240 0.866774
0.648347 0.505154 0.798554
0.608662 0.498225 0.937537
0.384451 0.510096 0.868890
0.633240 0.501938 0.961095
0.627895 0.495045 0.952637
0.442540 0.494410 0.811726
0.602465 0.503114 0.839880
0.653513 0.504707 0.850288
0.650273 0.494695 0.844662
0.638868 0.499320 0.936973
0.397589 0.498378 0.850530
0.624624 0.498274 0.965334
0.607600 0.504244 0.968381
0.595688 0.499890 0.803033
0.650984 0.499484 0.873823
0.607058 0.500496 0.924208
0.646120 0.493537 0.882595
0.637788 0.488808 0.900635
0.615846 0.499038 0.967449
0.110051 0.508956 0.807231
0.368102 0.499437 0.919743
0.219515 0.501453 0.959529
0.347818 0.504194 0.940519
0.606531 0.498698 0.896185
0.323802 0.505521 0.951303
0.423958 0.487363 0.815934
0.605146 0.499645 0.853942
0.377080 0.508325 0.897741
0.636479 0.494246 0.926048
0.385130 0.495863 0.885025
0.600803 0.498143 0.822248
0.400495 0.488956 0.849965
0.608940 0.493399 0.885086
0.323863 0.495334 0.951234
0.444241 0.483326 0.808636
0.459117 0.502863 0.800424
0.141072 0.500850 0.869769
0.648670 0.496541 0.805167
0.196042 0.520339 0.946615
0.270695 0.507642 0.967616
0.418542 0.496318 0.820735
0.284055 0.503932 0.966602
0.623230 0.491796 0.940438
0.395423 0.491651 0.864620
0.645407 0.488750 0.852087
0.619293 0.488335 0.926774
0.430686 0.481236 0.813051
0.614868 0.493234 0.940010
0.450099 0.490380 0.806921
0.640693 0.489075 0.888798
0.637981 0.484595 0.795106
0.588999 0.489055 0.779894
0.616370 0.486888 0.910776
0.614304 0.487381 0.891668
0.624633 0.487042 0.913569
0.151853 0.498176 0.890350
0.120174 0.498786 0.827218
0.163799 0.494191 0.909434
0.371102 0.479116 0.913671
0.289815 0.497193 0.965303
0.295717 0.481282 0.963083
0.311082 0.478327 0.957212
0.362713 0.492379 0.927378
0.257016 0.494392 0.967115
0.457351 0.485319 0.798260
0.403660 0.496386 0.839938
0.608273 0.489880 0.856947
0.602994 0.482110 0.809492
0.629960 0.485521 0.900463
0.634398 0.477076 0.835516
0.380299 0.497832 0.897144
0.619034 0.483006 0.882426
0.337542 0.490332 0.944716
0.184694 0.508328 0.936969
0.626253 0.473869 0.795182
0.639842 0.483163 0.859683
0.449665 0.468309 0.796696
0.228225 0.481164 0.959560
0.598210 0.484826 0.799062
0.608447 0.479473 0.819047
0.626564 0.479893 0.873987
0.633048 0.479594 0.867173
0.641420 0.481666 0.826754
0.615241 0.482489 0.857603
0.615857 0.474977 0.813948
0.163501 0.485149 0.908134
0.424159 0.474534 0.810522
0.628826 0.474530 0.823089
0.106724 0.462372 0.792121
0.626622 0.475333 0.840927
0.621280 0.475554 0.827288
0.410549 0.480496 0.828116
0.134506 0.489170 0.854542
0.617327 0.472411 0.796857
0.608890 0.473182 0.787889
0.174708 0.495290 0.924770
0.143475 0.488833 0.872242
0.152590 0.485939 0.889004
0.394177 0.481602 0.873643
0.199010 0.511238 0.949999
0.265963 0.479059 0.962505
0.418143 0.478220 0.817676
0.318399 0.476178 0.950835
0.108106 0.481119 0.799097
0.391301 0.470183 0.878800
0.375577 0.472363 0.906656
0.612288 0.521152 1.000000
0.144315 0.470194 0.866416
0.370765 0.455368 0.909773
0.440896 0.463704 0.801811
0.380363 0.471234 0.893941
0.358120 0.463558 0.925572
0.394270 0.459455 0.871091
0.156973 0.464702 0.890402
0.169822 0.478532 0.916540
0.335452 0.471903 0.945067
0.220181 0.481502 0.955305
0.280990 0.480316 0.965144
0.402423 0.472007 0.846945
0.112429 0.457891 0.802919
0.411890 0.454897 0.812821
0.309800 0.449548 0.950036
0.130916 0.470851 0.841128
0.207668 0.471203 0.949189
0.418219 0.453849 0.801634
0.389065 0.449802 0.875643
0.323761 0.455793 0.944376
0.199865 0.472216 0.946146
0.216184 0.471858 0.952532
0.289261 0.463303 0.960724
0.230018 0.463524 0.956583
0.175959 0.457107 0.915166
0.406584 0.453633 0.826850
0.196421 0.454906 0.933502
0.410953 0.445944 0.804781
0.124576 0.452506 0.821968
0.407113 0.444975 0.819366
0.426135 0.453875 0.798388
0.383165 0.450471 0.888006
0.245015 0.443654 0.950445
0.337703 0.462515 0.942183
0.182911 0.467785 0.927903
0.255414 0.459747 0.957704
0.136043 0.449446 0.840948
0.409886 0.437040 0.797620
0.273601 0.460538 0.961797
0.287499 0.440467 0.949339
0.396228 0.436599 0.859509
0.378419 0.442014 0.895719
0.339477 0.453284 0.937917
0.209884 0.453698 0.941046
0.183185 0.447517 0.915302
0.159822 0.448052 0.882975
0.358672 0.440854 0.918410
0.225666 0.454141 0.950963
0.396022 0.425716 0.852551
0.379673 0.423106 0.883109
0.345573 0.427567 0.924051
0.251226 0.436823 0.945289
0.264792 0.441151 0.949877
0.132422 0.431646 0.819303
0.390720 0.428715 0.864071
0.156217 0.424583 0.853574
0.185295 0.431428 0.906847
0.163159 0.429250 0.875936
0.278357 0.435745 0.949660
0.372514 0.433948 0.900596
0.316980 0.431859 0.937635
0.146536 0.440676 0.851575
0.197758 0.433677 0.921433
0.250015 0.426503 0.940590
0.332256 0.435849 0.932797
0.256481 0.420446 0.939987
0.220719 0.434379 0.935867
0.402091 0.428113 0.822265
0.366668 0.425862 0.904264
0.124813 0.417819 0.793600
0.212698 0.435081 0.931114
0.160973 0.421387 0.864864
0.340945 0.417111 0.925328
0.397968 0.409153 0.827429
0.389666 0.417650 0.858556
0.204871 0.414765 0.909459
0.224681 0.416594 0.925081
0.407183 0.420964 0.785271
0.333118 0.416131 0.927531
0.176106 0.422516 0.886992
0.377236 0.406763 0.875778
0.395692 0.416275 0.843382
0.213299 0.410723 0.910062
0.323818 0.428495 0.933690
0.274587 0.424869 0.945923
0.403222 0.416805 0.797593
0.315795 0.421642 0.936101
0.232793 0.418693 0.929996
0.360964 0.419193 0.909186
0.389397 0.408742 0.849714
0.297895 0.423556 0.943914
0.192696 0.411226 0.891664
0.170069 0.399304 0.848283
0.158215 0.415942 0.847863
0.393574 0.406725 0.838004
0.287854 0.401522 0.931627
0.371854 0.397729 0.875498
0.400441 0.399300 0.782934
0.178772 0.406368 0.869674
0.365721 0.395741 0.883774
0.159817 0.396829 0.825980
0.359318 0.409004 0.904890
0.317877 0.394988 0.922431
0.242137 0.390900 0.907581
0.267025 0.406420 0.932886
0.252609 0.401385 0.924880
0.399223 0.388576 0.783493
0.378428 0.391575 0.853445
0.388938 0.390977 0.825867
0.174781 0.390982 0.844959
0.396341 0.392104 0.814104
0.229928 0.400644 0.908855
0.352681 0.388208 0.894384
0.206677 0.389583 0.880000
0.181059 0.382747 0.842026
0.192954 0.392396 0.870047
0.158380 0.381434 0.800595
0.273642 0.382527 0.912272
0.352598 0.373226 0.871201
0.334212 0.397416 0.916022
0.315445 0.386027 0.914847
0.147104 0.396210 0.802506
0.391588 0.384394 0.811743
0.299165 0.378675 0.910393
0.287370 0.383192 0.915193
0.259601 0.384097 0.908792
0.231103 0.383424 0.890930
0.208789 0.381107 0.871839
0.339020 0.374414 0.888021
0.197196 0.374143 0.850962
0.318427 0.373253 0.897826
0.274663 0.373443 0.901961
0.373008 0.366870 0.819424
0.171104 0.378286 0.818486
0.364385 0.368467 0.846610
0.326472 0.362011 0.878225
0.382315 0.363229 0.791537
0.258594 0.365088 0.890478
0.390835 0.369166 0.787084
0.210545 0.372442 0.862475
0.351947 0.364124 0.860620
0.183519 0.362450 0.811775
0.169080 0.364355 0.789613
0.284664 0.362294 0.893291
0.338418 0.358870 0.866525
0.358791 0.360203 0.837697
0.240541 0.364636 0.879578
0.314589 0.364116 0.890759
0.196523 0.361690 0.829572
0.183883 0.350762 0.786103
0.246412 0.350482 0.863751
0.320588 0.353329 0.870271
0.375779 0.356286 0.789470
0.312484 0.355560 0.880749
0.225303 0.362379 0.860013
0.362483 0.350120 0.809620
0.254861 0.349951 0.867717
0.342098 0.339218 0.816337
0.291919 0.343089 0.867233
0.351927 0.335830 0.795592
0.330025 0.346263 0.844579
0.198451 0.342893 0.799755
0.208638 0.352306 0.827955
0.244605 0.336656 0.834401
0.309219 0.341670 0.860453
0.269570 0.336445 0.852672
0.250914 0.338135 0.844114
0.338362 0.331460 0.806066
0.299567 0.329951 0.843203
0.278966 0.331676 0.846978
0.225931 0.344407 0.834350
0.269500 0.330842 0.840323
0.344896 0.329950 0.792576
0.323893 0.333009 0.819984
0.288262 0.318604 0.821071
0.268890 0.322740 0.827673
0.256481 0.323556 0.823598
0.294441 0.324749 0.831488
0.308471 0.322210 0.815843
0.231201 0.326598 0.808784
0.244311 0.324408 0.809971
0.320391 0.316672 0.792401
0.288738 0.310208 0.805630
0.309075 0.314865 0.804948
0.261637 0.312421 0.803066
0.275418 0.309201 0.804899
0.307314 0.305311 0.781066
0.273293 0.402601 0.931065
0.309962 0.392236 0.922017
0.287895 0.392549 0.923637
0.273100 0.391883 0.922455
0.257425 0.393373 0.918725
0.177507 0.431615 0.896858
0.172261 0.412742 0.869153
0.346144 0.346772 0.827359
0.305223 0.375139 0.905271
0.331051 0.371725 0.888662
0.295750 0.350562 0.877434
0.305872 0.361433 0.889566
0.290084 0.356889 0.885972
0.247532 0.357617 0.874119
0.249464 0.364666 0.884890
0.264317 0.359066 0.883604
0.277094 0.348075 0.874181
0.248190 0.691577 0.780649
0.240408 0.692449 0.779371
0.377907 0.648257 0.797456
0.404704 0.628993 0.781891
0.389578 0.637535 0.795372
0.352410 0.673220 0.793848
0.305609 0.691036 0.791842
0.236442 0.676480 0.815753
0.220028 0.672606 0.815594
0.195936 0.661559 0.811292
0.178009 0.642125 0.824674
0.408795 0.620633 0.784432
0.160166 0.612776 0.830041
0.129892 0.588124 0.801276
0.144546 0.609588 0.800128
0.146150 0.596245 0.822655
0.118856 0.585710 0.779072
0.124298 0.594074 0.781522
0.123849 0.584792 0.792090
0.132198 0.574880 0.819175
0.121703 0.573599 0.799474
0.439772 0.532983 0.798539
0.114058 0.540323 0.806664
0.123425 0.489799 0.831645
0.124510 0.472216 0.829057
0.144814 0.413593 0.820661
0.112931 0.475784 0.808048
0.121550 0.463349 0.821281
0.310980 0.542000 0.954718
0.631518 0.532497 0.944855
0.331097 0.512139 0.947934
0.385590 0.376115 0.809221
0.379375 0.368221 0.807198
0.125343 0.499708 0.837887
0.139235 0.431170 0.829736
0.151189 0.422983 0.842289
0.141815 0.449307 0.851711
0.131126 0.414706 0.800868
0.185375 0.553557 0.926387
0.142347 0.405974 0.807030
0.386554 0.549676 0.853143
0.116013 0.447060 0.801877
0.374729 0.414584 0.886570
0.385465 0.552727 0.866538
0.395877 0.378511 0.784659
0.249295 0.587975 0.940282
0.225154 0.332053 0.812349
0.360259 0.355536 0.823423
0.363613 0.345624 0.793929
0.309750 0.331873 0.835817
0.324711 0.339358 0.833958
0.306827 0.335301 0.847909
0.276370 0.325456 0.834137
0.296342 0.309560 0.799824
0.238678 0.357732 0.868086
0.240755 0.343831 0.844028
0.238134 0.334784 0.826251
0.182285 0.369655 0.822715
0.218825 0.359992 0.851202
0.205456 0.359812 0.837196
0.221845 0.339360 0.821637
0.210340 0.345871 0.819162
0.216901 0.326676 0.789534
0.161519 0.368730 0.783782
0.304244 0.309195 0.794848
0.343628 0.585315 0.916336
0.605267 0.519109 0.925850
0.348742 0.555635 0.929247
0.352536 0.563656 0.921736
0.329394 0.522852 0.947189
0.193809 0.550967 0.935238
0.228734 0.518539 0.961379
0.346211 0.487317 0.938748
0.355615 0.486066 0.932370
0.341205 0.479709 0.941745
0.343891 0.470054 0.939476
0.357472 0.475071 0.929306
0.351258 0.444142 0.925952
0.315946 0.498595 0.955028
0.330443 0.491070 0.949187
0.306520 0.459094 0.954221
0.342630 0.437316 0.928523
0.297638 0.460282 0.957385
0.237095 0.519254 0.964432
0.263413 0.501023 0.967347
0.243735 0.496627 0.966892
0.250913 0.488877 0.966362
0.249434 0.466507 0.959327
0.244459 0.483855 0.964127
0.258119 0.482405 0.963416
0.235953 0.500743 0.966520
0.215177 0.512109 0.957437
0.204230 0.481432 0.949634
0.197875 0.500947 0.948589
0.344883 0.448004 0.931940
0.292435 0.432015 0.947140
0.280402 0.418173 0.941881
0.301352 0.388903 0.919522
0.295957 0.396637 0.926854
0.295135 0.406344 0.934224
0.310327 0.413016 0.934755
0.243150 0.432662 0.942617
0.276239 0.451772 0.957935
0.231267 0.446041 0.947958
0.279844 0.407893 0.935263
0.306857 0.667643 0.844665
0.292209 0.673746 0.837484
0.305250 0.680566 0.821652
0.322540 0.669946 0.832226
0.328446 0.657047 0.848281
0.320980 0.655883 0.856715
0.313308 0.647322 0.876562
0.312100 0.639863 0.888517
0.297466 0.642574 0.888523
0.302111 0.630808 0.903396
0.285666 0.635562 0.901558
0.266673 0.680361 0.826930
0.274622 0.677733 0.832891
0.265444 0.668310 0.850706
0.280627 0.666757 0.852658
0.294931 0.634382 0.900530
0.272395 0.643872 0.890250
0.284907 0.654692 0.872995
0.241417 0.648206 0.874268
0.280459 0.642074 0.892634
0.268799 0.631331 0.906376
0.192080 0.649046 0.834721
0.171583 0.634592 0.822988
0.402047 0.623293 0.794151
0.388652 0.581979 0.860314
0.365644 0.637403 0.839292
0.367539 0.628276 0.848587
0.371486 0.617974 0.854279
0.383797 0.605206 0.847879
0.367570 0.612749 0.865773
0.346239 0.595687 0.905929
0.339584 0.594034 0.912694
0.382425 0.583430 0.869902
0.368680 0.587761 0.888885
0.249183 0.622444 0.911223
0.217847 0.626400 0.891267
0.229012 0.618274 0.909257
0.197543 0.615866 0.891305
0.201441 0.610536 0.900669
0.197810 0.630769 0.872410
0.178991 0.612570 0.870777
0.186440 0.617387 0.876317
0.182093 0.592511 0.894033
0.169902 0.596141 0.873430
0.134149 0.584841 0.813422
0.171145 0.576927 0.891989
0.406602 0.551424 0.822538
0.409133 0.541750 0.822680
0.397592 0.557957 0.837929
0.415872 0.537205 0.816587
0.396062 0.517265 0.847407
0.424021 0.523743 0.812908
0.409612 0.511734 0.831238
0.390509 0.522641 0.851940
0.410304 0.498982 0.830433
0.359274 0.565669 0.915073
0.377364 0.561279 0.891803
0.186156 0.563779 0.921608
0.164912 0.575650 0.883045
0.172753 0.561852 0.906485
0.166865 0.545329 0.904246
0.158301 0.552828 0.888021
0.164497 0.534451 0.904481
0.165876 0.523005 0.909289
0.161269 0.514111 0.904000
0.162057 0.503145 0.906384
0.618899 0.478080 0.843898
0.410499 0.462954 0.822174
0.398189 0.467348 0.859238
0.401214 0.462148 0.848417
0.404622 0.462754 0.835036
0.402750 0.423372 0.810394
0.186319 0.497223 0.937657
0.191607 0.476113 0.940560
0.155769 0.515640 0.895148
0.138415 0.458729 0.849843
0.149101 0.459722 0.870032
0.155265 0.457559 0.881941
0.180103 0.440218 0.905781
0.172280 0.438441 0.894234
0.403174 0.436022 0.828289
0.371771 0.444470 0.905858
0.345206 0.408884 0.917288
0.322000 0.381751 0.906128
0.365083 0.378016 0.859155
0.327364 0.377531 0.898526
0.339111 0.389803 0.905169
0.359627 0.387144 0.882188
0.323276 0.389049 0.914093
0.301989 0.414153 0.938104
0.318642 0.411485 0.929611
0.326903 0.396390 0.919059
0.328219 0.407460 0.923272
0.352294 0.380954 0.883360
0.344767 0.382743 0.895290
0.346227 0.374919 0.881688
0.335752 0.380859 0.898245
0.366215 0.387452 0.870754
0.359044 0.371382 0.860800
0.371382 0.384366 0.856813
0.359632 0.394389 0.891981
0.347199 0.392796 0.903383
0.330620 0.387480 0.907929
0.355455 0.398440 0.901180
0.350551 0.403214 0.909145
0.378839 0.399501 0.864859
0.370314 0.376506 0.846236
0.363502 0.404041 0.895026
0.324616 0.417767 0.930421
0.337027 0.407087 0.921323
0.370244 0.406040 0.887013
0.367321 0.414553 0.898289
0.353627 0.413323 0.913270
0.348031 0.418090 0.920461
0.373131 0.423517 0.894569
0.365630 0.437135 0.909343
0.359805 0.430267 0.913739
0.376600 0.384006 0.843142
0.369866 0.369551 0.834747
0.383462 0.391261 0.840687
0.381291 0.384002 0.830194
0.383934 0.399869 0.851791
0.388595 0.399119 0.838242
0.384085 0.408091 0.862678
0.399711 0.418662 0.826473
0.382343 0.414901 0.873223
0.385439 0.422961 0.870065
0.398973 0.426227 0.837423
0.384727 0.431616 0.876897
0.152207 0.440623 0.863312
0.156631 0.431070 0.865611
0.158233 0.439264 0.874255
0.169047 0.457354 0.905851
0.171340 0.447983 0.899292
0.162649 0.455381 0.893990
0.163732 0.464313 0.902487
0.153571 0.449392 0.872481
0.147840 0.450189 0.861632
0.143140 0.460444 0.859615
0.151335 0.432354 0.852209
0.150489 0.468106 0.878321
0.170282 0.467285 0.913332
0.177173 0.464655 0.920891
0.176095 0.474004 0.923575
0.133466 0.460925 0.841533
0.137787 0.469662 0.853674
0.164383 0.474619 0.906987
0.158082 0.481821 0.898268
0.153287 0.475371 0.887163
0.159078 0.472125 0.897156
0.147071 0.478821 0.875784
0.140100 0.479631 0.862282
0.157745 0.493409 0.899718
0.148238 0.489810 0.881629
0.146586 0.500608 0.880214
0.169685 0.489191 0.917397
0.168587 0.500374 0.916172
0.175790 0.484052 0.925667
0.156218 0.505222 0.896839
0.135489 0.501102 0.858747
0.130450 0.500492 0.848198
0.138838 0.491013 0.863672
0.183422 0.456841 0.922909
0.189429 0.459697 0.931258
0.189852 0.449538 0.923473
0.183294 0.478981 0.931726
0.188337 0.486214 0.938493
0.188388 0.469922 0.934557
0.378585 0.432437 0.889215
0.364832 0.448106 0.914036
0.376501 0.462399 0.904217
0.377464 0.452095 0.900548
0.379212 0.480206 0.900126
0.376216 0.488371 0.905514
0.374582 0.498101 0.908185
0.383540 0.441116 0.881609
0.390012 0.439335 0.870568
0.405844 0.435245 0.811126
0.403210 0.444522 0.835430
0.395005 0.447727 0.865615
0.402078 0.453354 0.841989
0.398019 0.455434 0.857572
0.398757 0.480410 0.858490
0.387299 0.459355 0.879790
0.381370 0.460138 0.891826
0.413559 0.471397 0.822249
0.417226 0.465424 0.810599
0.407536 0.471919 0.833460
0.385475 0.468714 0.885774
0.387083 0.479132 0.887017
0.404237 0.480655 0.842899
0.407060 0.489044 0.834096
0.383193 0.487820 0.892650
0.415280 0.488554 0.824081
0.389978 0.488902 0.879001
0.388641 0.499301 0.872406
0.432962 0.494309 0.814263
0.437321 0.486144 0.812727
0.614118 0.478715 0.830616
0.623514 0.474249 0.810009
0.609724 0.475729 0.803482
0.602732 0.478091 0.793750
0.610410 0.483450 0.845095
0.607620 0.484880 0.832545
0.604936 0.492949 0.839835
0.603332 0.488796 0.823191
0.611994 0.487107 0.872914
0.619092 0.481281 0.868330
0.606963 0.496040 0.869771
0.598675 0.491453 0.810007
0.632349 0.476861 0.806466
0.635509 0.478103 0.819904
0.632996 0.477918 0.851394
0.624723 0.478095 0.857088
0.626605 0.482959 0.888217
0.634003 0.482713 0.885061
0.639845 0.485734 0.874775
0.632429 0.479982 0.791520
0.640015 0.483187 0.810293
0.640173 0.481764 0.843979
0.646001 0.486873 0.835477
0.649923 0.493082 0.829448
0.645881 0.489337 0.817051
0.650688 0.496994 0.859351
0.645830 0.490701 0.867192
0.144522 0.510382 0.875650
0.150407 0.510655 0.886737
0.167032 0.511329 0.913398
0.173292 0.506879 0.922399
0.178226 0.513224 0.928452
0.179624 0.501753 0.930907
0.159856 0.525241 0.899566
0.138230 0.510457 0.863897
0.141657 0.519181 0.869683
0.176989 0.524259 0.925838
0.183529 0.519087 0.934888
0.142637 0.529342 0.869157
0.136082 0.520640 0.858665
0.176912 0.535307 0.922789
0.170872 0.529651 0.915322
0.156986 0.533899 0.893199
0.140870 0.538774 0.862406
0.147210 0.540015 0.872622
0.178934 0.546544 0.921597
0.182916 0.538800 0.929894
0.151368 0.549960 0.876382
0.149991 0.531910 0.880934
0.160825 0.544222 0.895998
0.129211 0.531605 0.842144
0.131046 0.542178 0.840476
0.134853 0.537466 0.851072
0.165810 0.555548 0.897946
0.140692 0.556145 0.850846
0.167798 0.567202 0.896036
0.172477 0.551580 0.910278
0.142098 0.567267 0.845026
0.146512 0.562177 0.856745
0.149921 0.557588 0.867696
0.152377 0.567732 0.864598
0.178819 0.557354 0.917024
0.373181 0.516183 0.909768
0.374875 0.544705 0.901369
0.372622 0.556254 0.901129
0.368169 0.550017 0.910416
0.361050 0.555713 0.917833
0.370033 0.568283 0.899031
0.382495 0.505057 0.883843
0.420632 0.506680 0.819142
0.414740 0.506366 0.824987
0.403783 0.505846 0.839595
0.397377 0.508842 0.848988
0.409919 0.522268 0.829403
0.389677 0.512514 0.856652
0.396589 0.526458 0.843571
0.396521 0.536128 0.841430
0.403260 0.529182 0.835262
0.430992 0.518857 0.808650
0.425498 0.512471 0.815167
0.416833 0.527229 0.819816
0.397396 0.546314 0.839404
0.390319 0.541961 0.847724
0.423251 0.534042 0.810047
0.409200 0.532513 0.825922
0.428418 0.542849 0.801737
0.413448 0.547735 0.814824
0.401409 0.554776 0.830045
0.392017 0.552957 0.844756
0.426224 0.499345 0.815251
0.606163 0.513036 0.878915
0.598631 0.515927 0.803482
0.594247 0.509020 0.793398
0.600922 0.525385 0.799096
0.608100 0.531179 0.819314
0.604735 0.522986 0.828232
0.608421 0.530608 0.835723
0.610382 0.529095 0.870548
0.609454 0.530252 0.852904
0.614743 0.536263 0.860285
0.613188 0.537842 0.825436
0.606551 0.531498 0.802728
0.623150 0.540754 0.878775
0.621962 0.541027 0.863751
0.630790 0.543459 0.867330
0.620725 0.542183 0.816438
0.643446 0.490440 0.799950
0.640723 0.493170 0.782532
0.651073 0.498683 0.819475
0.653454 0.507868 0.863940
0.653719 0.509156 0.825365
0.654558 0.510530 0.840141
0.649165 0.514616 0.803036
0.652661 0.518312 0.868720
0.652434 0.517500 0.817726
0.650806 0.525485 0.842346
0.648049 0.524184 0.810484
0.646196 0.531494 0.848748
0.645705 0.533677 0.834463
0.637720 0.534247 0.796519
0.644448 0.532896 0.862457
0.639381 0.540207 0.864808
0.637881 0.537168 0.812892
0.638735 0.538984 0.828105
0.627692 0.543305 0.850548
0.625516 0.543556 0.832309
0.630199 0.542115 0.819170
0.142632 0.576466 0.838484
0.155260 0.577634 0.861560
0.158411 0.570713 0.875240
0.148455 0.583091 0.841970
0.144577 0.586884 0.830724
0.170798 0.585211 0.883018
0.177829 0.583329 0.895167
0.165090 0.588163 0.871857
0.159704 0.588828 0.860299
0.153825 0.585486 0.850148
0.164690 0.599138 0.860080
0.176403 0.602831 0.876652
0.175645 0.592593 0.884730
0.171443 0.606353 0.865733
0.162102 0.606045 0.846321
0.166030 0.616072 0.839845
0.182468 0.621823 0.863902
0.183896 0.607928 0.883232
0.179058 0.626111 0.850550
0.189870 0.627092 0.869122
0.180100 0.568142 0.912576
0.194440 0.577986 0.920608
0.190718 0.583880 0.910786
0.203583 0.594148 0.915270
0.206649 0.585672 0.923314
0.212791 0.593362 0.920829
0.216216 0.609811 0.910121
0.201535 0.602301 0.908945
0.194488 0.594793 0.907772
0.186302 0.589062 0.902651
0.181500 0.599743 0.887341
0.230189 0.589657 0.935243
0.226935 0.599724 0.926185
0.231600 0.607991 0.921062
0.224222 0.609155 0.915053
0.190442 0.611490 0.888859
0.220880 0.618168 0.905558
0.213290 0.618507 0.899319
0.230178 0.629207 0.896854
0.209960 0.626238 0.887272
0.244577 0.613816 0.920109
0.252648 0.613870 0.919135
0.248075 0.605544 0.927040
0.256493 0.623397 0.911465
0.252750 0.631562 0.901941
0.365456 0.579660 0.898480
0.379218 0.576611 0.880049
0.357926 0.582438 0.905522
0.354017 0.592777 0.901877
0.354396 0.574163 0.914955
0.365523 0.597441 0.885113
0.338452 0.602977 0.907891
0.362920 0.606886 0.879004
0.375906 0.600153 0.866463
0.335674 0.612956 0.902009
0.330209 0.606549 0.909741
0.360595 0.616002 0.872452
0.375704 0.608375 0.858727
0.353822 0.618813 0.879314
0.364219 0.622905 0.859566
0.346457 0.622866 0.883109
0.340255 0.618960 0.892389
0.377827 0.629262 0.829089
0.374973 0.623436 0.842873
0.381615 0.620656 0.835193
0.360336 0.634272 0.851806
0.333941 0.627526 0.887299
0.331053 0.622154 0.895256
0.387955 0.564103 0.869279
0.392450 0.567776 0.855305
0.397102 0.575472 0.845096
0.166158 0.446022 0.890578
0.385616 0.574070 0.870792
0.294034 0.385762 0.917122
0.411322 0.558630 0.814145
0.404579 0.574375 0.823744
0.307298 0.383100 0.914011
0.408945 0.578121 0.810800
0.394685 0.585577 0.848828
0.164823 0.437814 0.884120
0.344163 0.357843 0.856201
0.379497 0.592098 0.868566
0.404984 0.585039 0.821769
0.402056 0.593789 0.826835
0.381869 0.598830 0.856678
0.344413 0.352188 0.842789
0.391350 0.602623 0.837374
0.397763 0.602826 0.826855
0.403061 0.604401 0.813961
0.262376 0.350363 0.871843
0.386289 0.611658 0.838428
0.387885 0.618037 0.827889
0.398791 0.612632 0.815400
0.385199 0.626198 0.821541
0.392383 0.620397 0.816920
0.397301 0.621687 0.806019
0.214794 0.633884 0.879570
0.201490 0.625502 0.884780
0.194352 0.635229 0.858686
0.182992 0.634585 0.844488
0.176577 0.632574 0.836405
0.186499 0.631098 0.856300
0.202100 0.638400 0.862687
0.227246 0.642349 0.873582
0.205759 0.646747 0.855233
0.219078 0.641173 0.871546
0.223630 0.649097 0.862836
0.209995 0.654369 0.847668
0.201207 0.651861 0.841694
0.215127 0.661084 0.839582
0.218928 0.655538 0.852349
0.228106 0.656351 0.854233
0.213627 0.667067 0.824911
0.276581 0.627072 0.912491
0.270644 0.623332 0.915982
0.282453 0.629781 0.909442
0.238321 0.633247 0.895244
0.247395 0.637327 0.894400
0.256544 0.640498 0.893539
0.260434 0.632599 0.903718
0.240732 0.640470 0.885296
0.278194 0.650081 0.880546
0.289639 0.641315 0.892497
0.256325 0.648723 0.881447
0.249143 0.652656 0.873474
0.241741 0.655573 0.864681
0.371482 0.651474 0.803645
0.278050 0.658328 0.866424
0.292539 0.656467 0.869369
0.243698 0.663100 0.854315
0.256486 0.657038 0.869092
0.232925 0.663934 0.843429
0.288845 0.668166 0.848666
0.272577 0.664286 0.857095
0.257244 0.665017 0.856740
0.263978 0.661233 0.862420
0.274261 0.671383 0.845154
0.241779 0.668140 0.841148
0.249840 0.668086 0.849287
0.249915 0.672944 0.835407
0.250675 0.679099 0.821876
0.258159 0.677244 0.831828
0.280898 0.681756 0.824690
0.266301 0.674729 0.839170
0.267390 0.685545 0.814046
0.322876 0.625209 0.898703
0.309945 0.632168 0.899450
0.314578 0.625247 0.904220
0.228043 0.676722 0.808468
0.305603 0.645280 0.882747
0.325928 0.632034 0.886129
0.332834 0.635470 0.877702
0.203173 0.667938 0.806931
0.306611 0.652974 0.870256
0.327712 0.649834 0.861079
0.333542 0.643872 0.865826
0.313379 0.655016 0.863664
0.300088 0.657219 0.865890
0.295199 0.662236 0.857051
0.321797 0.662007 0.843105
0.314966 0.668078 0.839919
0.329707 0.664878 0.833867
0.298334 0.667696 0.846870
0.288421 0.679860 0.827325
0.301168 0.673713 0.835110
0.286348 0.686529 0.814172
0.301026 0.685384 0.813922
0.309231 0.674374 0.831772
0.313243 0.681210 0.818221
0.318953 0.684468 0.806992
0.353598 0.634530 0.860705
0.340074 0.637806 0.870367
0.346557 0.632462 0.871956
0.353308 0.642540 0.848857
0.370266 0.645997 0.817449
0.342655 0.655302 0.839724
0.351389 0.651280 0.836318
0.358662 0.652080 0.826481
0.336155 0.651574 0.852596
0.364942 0.652815 0.814647
0.345931 0.659721 0.827704
0.359496 0.659260 0.810709
0.338084 0.663586 0.829980
0.348432 0.666302 0.816592
0.334241 0.672414 0.820118
0.380979 0.634184 0.816849
0.383318 0.638879 0.804670
0.265676 0.422768 0.943355
0.262662 0.413700 0.936865
0.272103 0.414385 0.938888
0.259351 0.430886 0.944973
0.269012 0.432487 0.947787
0.234844 0.429004 0.937581
0.241165 0.422354 0.935054
0.257706 0.441237 0.948567
0.273191 0.442715 0.951790
0.283524 0.428964 0.946838
0.223355 0.444392 0.943796
0.226201 0.426200 0.933411
0.237168 0.439358 0.945279
0.306781 0.422407 0.940992
0.303543 0.404880 0.932105
0.294230 0.415457 0.939674
0.304513 0.397115 0.926767
0.408470 0.604262 0.802122
0.309636 0.431464 0.941296
0.301050 0.432671 0.944272
0.151950 0.601079 0.825588
0.322782 0.438774 0.937758
0.304768 0.441477 0.947248
0.337704 0.427633 0.927874
0.330371 0.425594 0.929995
0.353628 0.424311 0.916484
0.351656 0.434443 0.921599
0.215938 0.444136 0.938901
0.208848 0.444291 0.935072
0.196182 0.443968 0.925710
0.202589 0.450143 0.934845
0.217923 0.453815 0.946003
0.224899 0.472219 0.955623
0.220929 0.463094 0.951813
0.212345 0.462717 0.946494
0.195601 0.465149 0.939057
0.138128 0.580294 0.825970
0.203341 0.461391 0.942659
0.135506 0.595182 0.804588
0.212130 0.481387 0.952056
0.193283 0.493405 0.943686
0.200834 0.491435 0.949889
0.215892 0.491517 0.955926
0.211880 0.502126 0.955376
0.231256 0.491060 0.962774
0.223544 0.491226 0.960062
0.190711 0.514461 0.942493
0.252433 0.448733 0.951430
0.239416 0.450538 0.953236
0.246861 0.455756 0.955465
0.268376 0.451620 0.956655
0.260500 0.451320 0.954398
0.263975 0.461136 0.959576
0.239995 0.462691 0.958044
0.258951 0.470722 0.960058
0.269148 0.469168 0.962799
0.111495 0.569015 0.782498
0.280119 0.468425 0.962844
0.264648 0.489502 0.963875
0.274146 0.476693 0.964192
0.281878 0.492141 0.965963
0.249481 0.501444 0.968881
0.238452 0.490779 0.964127
0.232898 0.509818 0.964418
0.269958 0.496680 0.965832
0.300421 0.450682 0.953546
0.313524 0.440754 0.942824
0.327805 0.445590 0.938929
0.318713 0.448171 0.943376
0.332091 0.453869 0.941761
0.336581 0.444253 0.935240
0.282443 0.446474 0.954817
0.315189 0.457678 0.949118
0.291093 0.451469 0.956376
0.282906 0.457445 0.959712
0.320766 0.465828 0.948092
0.288121 0.474131 0.963346
0.304548 0.469175 0.957685
0.312662 0.467606 0.953749
0.303565 0.479914 0.960313
0.288153 0.485537 0.964631
0.295117 0.491229 0.963556
0.113144 0.485678 0.810836
0.115728 0.465357 0.810973
0.324428 0.483993 0.949809
0.317026 0.487278 0.953899
0.326742 0.473735 0.948158
0.298826 0.500624 0.962488
0.302582 0.491352 0.960928
0.309759 0.490140 0.957989
0.351880 0.455618 0.929090
0.351449 0.467125 0.932739
0.358236 0.451867 0.922109
0.364302 0.459590 0.917858
0.329192 0.463983 0.945051
0.370088 0.467023 0.912811
0.364135 0.471535 0.920428
0.349817 0.477756 0.935865
0.349610 0.494284 0.937110
0.355886 0.497810 0.933874
0.341438 0.498171 0.943238
0.354408 0.508920 0.933978
0.332602 0.501020 0.948796
0.621550 0.485349 0.898641
0.374784 0.376104 0.831436
0.611678 0.492136 0.922817
0.628008 0.489994 0.927045
0.610889 0.492087 0.903757
0.145065 0.422444 0.830166
0.607001 0.499074 0.911354
0.609945 0.498869 0.954224
0.134255 0.399653 0.786224
0.618795 0.495012 0.954022
0.604846 0.508783 0.931784
0.604688 0.507622 0.901151
0.633035 0.489688 0.913766
0.640702 0.495204 0.913064
0.631904 0.493468 0.939741
0.207545 0.512708 0.953882
0.223807 0.510281 0.960907
0.189661 0.525131 0.940682
0.224907 0.526819 0.959746
0.203226 0.521623 0.950317
0.232428 0.528718 0.961772
0.205538 0.542202 0.947387
0.196817 0.530287 0.945347
0.189991 0.535227 0.938827
0.228106 0.546694 0.956075
0.220030 0.541429 0.953923
0.226343 0.536403 0.959021
0.214175 0.546322 0.948728
0.201033 0.550705 0.942128
0.187963 0.544631 0.933018
0.215105 0.557530 0.944939
0.208471 0.551505 0.945422
0.198771 0.560469 0.935596
0.191668 0.559877 0.929768
0.256309 0.505886 0.968833
0.249239 0.513028 0.969568
0.263348 0.512453 0.968770
0.244339 0.521400 0.966713
0.276446 0.524107 0.966193
0.270040 0.518186 0.967319
0.234390 0.539646 0.960568
0.262353 0.533858 0.964782
0.252060 0.524506 0.968484
0.275081 0.535707 0.963842
0.282274 0.531342 0.964561
0.247384 0.533561 0.963448
0.236129 0.550182 0.956973
0.242451 0.542377 0.960681
0.250741 0.545160 0.961284
0.259360 0.543261 0.962189
0.267836 0.540478 0.962662
0.273793 0.546901 0.960753
0.258053 0.552303 0.959169
0.229558 0.557447 0.951809
0.237381 0.560679 0.952982
0.230918 0.568522 0.947296
0.247393 0.571988 0.949797
0.245842 0.563059 0.953868
0.315498 0.509063 0.955182
0.300658 0.510366 0.962013
0.292580 0.508058 0.964796
0.286682 0.513741 0.965959
0.308438 0.513699 0.958536
0.322810 0.516155 0.951249
0.284945 0.522548 0.965595
0.321450 0.527503 0.951192
0.319977 0.539175 0.950503
0.313620 0.531730 0.954808
0.298419 0.529473 0.961955
0.304913 0.535971 0.958805
0.290114 0.532785 0.963162
0.314226 0.339026 0.847138
0.302687 0.546726 0.956669
0.231231 0.356428 0.858154
0.315462 0.548491 0.950669
0.327332 0.544830 0.945496
0.288773 0.545221 0.960731
0.301422 0.558188 0.953182
0.308500 0.553438 0.952330
0.315044 0.558999 0.947327
0.300750 0.569694 0.947783
0.294145 0.562494 0.953480
0.271357 0.558033 0.956975
0.287275 0.556338 0.956794
0.286415 0.566429 0.952783
0.314877 0.569238 0.942973
0.322152 0.562821 0.942335
0.360804 0.514599 0.926500
0.353740 0.518919 0.932499
0.367364 0.510483 0.920060
0.232259 0.320213 0.794874
0.346241 0.513902 0.939440
0.218637 0.332706 0.805437
0.354165 0.529607 0.931572
0.337918 0.519236 0.942554
0.341699 0.529105 0.939895
0.335183 0.530441 0.943561
0.206473 0.340816 0.805611
0.224503 0.326303 0.798743
0.360234 0.535146 0.924520
0.355450 0.541020 0.928638
0.348664 0.545931 0.933187
0.355500 0.551392 0.924881
0.334254 0.551008 0.940892
0.344622 0.563408 0.929387
0.328720 0.556455 0.941764
0.336974 0.560292 0.936719
0.605216 0.505757 0.945035
0.609198 0.525969 0.917653
0.618393 0.537794 0.894500
0.615394 0.534221 0.940971
0.626806 0.540340 0.905168
0.620554 0.537214 0.929077
0.619225 0.537573 0.956917
0.627778 0.536902 0.933510
0.644922 0.496482 0.898697
0.641185 0.508211 0.941745
0.642415 0.522824 0.930108
0.646969 0.522420 0.917752
0.634381 0.534662 0.926637
0.641017 0.535513 0.894869
0.204001 0.568840 0.934966
0.235308 0.579975 0.943316
0.222722 0.571992 0.941340
0.209156 0.576706 0.932495
0.213794 0.567458 0.939618
0.221508 0.592448 0.928101
0.262554 0.562137 0.955276
0.270128 0.569302 0.952325
0.253012 0.577737 0.947046
0.243900 0.580406 0.944230
0.261817 0.572928 0.950706
0.284676 0.576263 0.948171
0.259294 0.583086 0.944658
0.275920 0.579250 0.947354
0.278435 0.570631 0.951469
0.257365 0.591106 0.938963
0.275157 0.589789 0.941311
0.270282 0.598415 0.935995
0.278336 0.600033 0.934427
0.261535 0.598242 0.933775
0.252284 0.597162 0.932790
0.243768 0.597151 0.933904
0.280964 0.610604 0.927552
0.264985 0.606661 0.928759
0.260258 0.614604 0.920411
0.268054 0.615364 0.922981
0.276191 0.617319 0.921955
0.288075 0.612833 0.925003
0.322560 0.572561 0.938041
0.293438 0.572953 0.948360
0.307277 0.575400 0.942447
0.315095 0.579375 0.939187
0.291304 0.581294 0.943876
0.330788 0.575288 0.932537
0.315950 0.588533 0.932643
0.307614 0.585909 0.937342
0.292775 0.588992 0.938396
0.317597 0.595280 0.925280
0.325339 0.590732 0.924562
0.315463 0.602886 0.922013
0.293866 0.598382 0.933076
0.307880 0.607345 0.923375
0.322441 0.609353 0.913387
0.319098 0.618289 0.908934
0.301571 0.602861 0.927836
0.294956 0.608628 0.926772
0.310053 0.617348 0.915708
0.293226 0.618525 0.919176
0.338773 0.569986 0.930149
0.338858 0.579054 0.925371
0.335087 0.588545 0.921290
0.332895 0.481393 0.947264
0.345450 0.459685 0.935708
0.296354 0.470949 0.960437
0.276709 0.500145 0.966999
0.273585 0.487480 0.965029
0.236535 0.481152 0.961695
0.251263 0.476897 0.962605
0.234021 0.471762 0.959680
0.196279 0.483112 0.945485
0.204412 0.502134 0.953240
0.191834 0.504565 0.943387
0.287181 0.411606 0.937857
0.312362 0.402802 0.929014
0.296617 0.679541 0.825624
0.313563 0.661072 0.850739
0.319906 0.640878 0.882644
0.299203 0.650493 0.877230
0.297859 0.624693 0.911512
0.270206 0.657831 0.867727
0.234711 0.643746 0.875754
0.291764 0.649072 0.881207
0.271126 0.651521 0.878374
0.358041 0.626025 0.865265
0.355963 0.609804 0.885941
0.361532 0.590150 0.896015
0.375727 0.585663 0.880074
0.362548 0.572341 0.907141
0.241889 0.621054 0.911150
0.194801 0.605149 0.900122
0.175207 0.616581 0.858560
0.161741 0.563613 0.887680
0.152883 0.523504 0.889327
0.395469 0.472016 0.868096
0.399077 0.445123 0.851157
0.399521 0.435431 0.844651
0.181230 0.490095 0.932334
0.176360 0.449650 0.907687
0.372995 0.391878 0.864781
0.359496 0.379691 0.871621
0.298975 0.304151 0.784440
0.315542 0.309074 0.779312
0.268236 0.308236 0.799790
0.273286 0.304101 0.789857
0.281985 0.305518 0.794835
0.156344 0.375400 0.786369
0.203415 0.335585 0.791169
0.211568 0.333991 0.798703
0.217608 0.347453 0.830480
0.214665 0.340223 0.814298
0.189112 0.342619 0.779196
0.202466 0.347996 0.813567
0.214490 0.355622 0.839604
0.223603 0.353060 0.845113
0.211696 0.363796 0.850083
0.199832 0.355085 0.822132
0.194483 0.351565 0.806548
0.188749 0.365463 0.825266
0.191176 0.357970 0.815128
0.185410 0.355521 0.800397
0.176939 0.357790 0.789144
0.176907 0.362935 0.800859
0.176595 0.370056 0.813521
0.170396 0.370928 0.804084
0.185294 0.374521 0.834891
0.254987 0.311607 0.793221
0.247795 0.317569 0.798744
0.255173 0.317016 0.808040
0.240595 0.315874 0.788673
0.239019 0.321413 0.802215
0.250411 0.323536 0.816604
0.262165 0.319213 0.819026
0.268538 0.314890 0.813305
0.275179 0.317495 0.819347
0.245494 0.330451 0.823425
0.253374 0.330999 0.833617
0.261941 0.328253 0.832800
0.230138 0.335957 0.822575
0.237666 0.329536 0.815033
0.260540 0.335694 0.845148
0.234542 0.341308 0.834609
0.231817 0.349061 0.844889
0.290774 0.304904 0.790311
0.312708 0.312048 0.792881
0.302032 0.314976 0.809072
0.294613 0.316809 0.815381
0.300445 0.321582 0.821194
0.282039 0.312311 0.810901
0.315143 0.320949 0.805754
0.281493 0.320397 0.824116
0.314901 0.328483 0.820406
0.321673 0.325395 0.807471
0.329775 0.328770 0.807596
0.328026 0.322145 0.795786
0.304688 0.326465 0.829196
0.321739 0.342855 0.846698
0.330947 0.340382 0.829762
0.336483 0.325749 0.794652
0.351580 0.330311 0.780151
0.358223 0.337760 0.786898
0.345633 0.335564 0.804382
0.365067 0.341404 0.777844
0.333000 0.335398 0.817163
0.349903 0.342221 0.811661
0.338498 0.342095 0.826276
0.357146 0.343098 0.802942
0.354469 0.348702 0.818147
0.352223 0.353468 0.832202
0.367719 0.358424 0.814428
0.365639 0.363154 0.828918
0.369165 0.353259 0.800020
0.374402 0.361322 0.803796
0.122633 0.410121 0.779739
0.119035 0.436438 0.799817
0.122092 0.426640 0.797047
0.152170 0.382652 0.790344
0.163966 0.373034 0.796128
0.164779 0.379812 0.809735
0.152665 0.389301 0.801554
0.141037 0.397207 0.793907
0.167642 0.393026 0.834651
0.165734 0.387188 0.822418
0.173071 0.384769 0.831911
0.159251 0.388809 0.813302
0.153712 0.396623 0.814371
0.163608 0.400753 0.838281
0.152694 0.405835 0.824718
0.148095 0.404258 0.814208
0.136074 0.406625 0.798179
0.137176 0.415008 0.810448
0.128964 0.408188 0.789164
0.130083 0.423598 0.807766
0.145603 0.431535 0.840379
0.151390 0.414609 0.833686
0.138130 0.422768 0.819382
0.140430 0.440061 0.840734
0.177791 0.377113 0.828224
0.192559 0.370199 0.838337
0.180800 0.390092 0.852419
0.379206 0.374905 0.819566
0.385541 0.382524 0.819903
0.385927 0.370290 0.798145
0.391934 0.377337 0.798173
0.396712 0.385848 0.798634
0.398653 0.395758 0.798243
0.401009 0.405889 0.798081
0.398703 0.402089 0.812992
0.395074 0.398208 0.828105
0.403012 0.409978 0.783815
0.400911 0.412399 0.812188
0.406092 0.428039 0.797072
0.107386 0.445122 0.782911
0.109880 0.451224 0.793170
0.122176 0.443953 0.810998
0.104345 0.455196 0.782361
0.118608 0.454642 0.812387
0.128213 0.441743 0.820615
0.118249 0.474528 0.817779
0.127489 0.461890 0.831324
0.109757 0.469276 0.800408
0.120444 0.482409 0.823967
0.116708 0.492374 0.819215
0.127232 0.480339 0.836760
0.129139 0.489347 0.843584
0.133664 0.479199 0.849498
0.106845 0.491773 0.798029
0.115263 0.503727 0.817520
0.110964 0.497392 0.807841
0.134138 0.440368 0.830649
0.130347 0.450901 0.831470
0.416633 0.442161 0.794271
0.424060 0.445449 0.791540
0.433203 0.458676 0.800317
0.456718 0.465781 0.789546
0.458029 0.475307 0.793666
0.431882 0.469130 0.806496
0.424541 0.463212 0.803953
0.437834 0.475016 0.808143
0.451050 0.479247 0.800926
0.444675 0.472978 0.803703
0.455551 0.495298 0.802142
0.463129 0.493051 0.795861
0.600619 0.475598 0.778717
0.622425 0.473255 0.782142
0.595442 0.482547 0.784932
0.593737 0.491528 0.794147
0.629564 0.478899 0.779056
0.636155 0.485656 0.778489
0.644434 0.499378 0.789489
0.105428 0.502859 0.796393
0.121060 0.508388 0.828949
0.115754 0.514338 0.818471
0.100355 0.507502 0.784256
0.105156 0.514288 0.795903
0.116763 0.524228 0.818922
0.110643 0.519983 0.806968
0.105909 0.526034 0.795331
0.118241 0.533985 0.818780
0.123582 0.527464 0.831220
0.121011 0.544050 0.818708
0.106739 0.537903 0.794376
0.101084 0.531110 0.784029
0.123929 0.554912 0.819769
0.127489 0.548036 0.829238
0.110557 0.547928 0.798529
0.114869 0.557484 0.801371
0.121047 0.562516 0.808776
0.130998 0.558501 0.829522
0.116064 0.566663 0.795241
0.126822 0.510745 0.841140
0.449819 0.502300 0.808130
0.446668 0.512067 0.802535
0.436497 0.524307 0.803099
0.589656 0.499050 0.788168
0.591556 0.517237 0.781738
0.601269 0.532305 0.788084
0.620113 0.542118 0.787122
0.613054 0.541740 0.780865
0.643469 0.515074 0.778311
0.625753 0.541182 0.780711
0.127806 0.579632 0.805501
0.117503 0.576652 0.787206
0.129294 0.603111 0.781479
0.128409 0.564863 0.820374
0.141627 0.600604 0.807922
0.136656 0.604031 0.793729
0.148485 0.605860 0.812839
0.154847 0.610647 0.819968
0.163843 0.620612 0.825635
0.149003 0.618904 0.792216
0.169756 0.625899 0.831613
0.158793 0.620544 0.813058
0.426086 0.562267 0.795530
0.420735 0.569995 0.795656
0.419625 0.579726 0.789843
0.413939 0.583866 0.797721
0.418861 0.590435 0.787136
0.412276 0.594085 0.799353
0.414456 0.600887 0.790866
0.410504 0.611318 0.790294
0.160722 0.631602 0.803227
0.155101 0.625204 0.798120
0.151664 0.629160 0.783592
0.173362 0.641867 0.812570
0.164250 0.641394 0.792785
0.167310 0.637118 0.807232
0.178169 0.648980 0.809040
0.176802 0.653724 0.791773
0.183462 0.655480 0.804961
0.202020 0.661900 0.820849
0.189465 0.661435 0.800467
0.197682 0.655861 0.827967
0.190009 0.666944 0.785075
0.204949 0.672837 0.793870
0.207839 0.666286 0.819188
0.219722 0.676204 0.801586
0.212562 0.676806 0.791355
0.244111 0.680961 0.809135
0.235657 0.681375 0.802087
0.235997 0.670698 0.830222
0.241843 0.687014 0.793927
0.226848 0.682867 0.795844
0.257185 0.688504 0.797132
0.252890 0.684157 0.809309
0.262762 0.687704 0.805498
0.272330 0.689601 0.800810
0.280335 0.688357 0.807142
0.324558 0.685469 0.795510
0.298911 0.689592 0.801595
0.373178 0.656570 0.788895
0.359934 0.666620 0.796154
0.328544 0.678706 0.807216
0.338394 0.684787 0.780279
0.395312 0.630669 0.797486
0.394814 0.638962 0.782871
0.384348 0.644421 0.792412
0.264917 0.692183 0.791537
0.256350 0.692351 0.784610
0.320135 0.689918 0.782076
0.295977 0.693556 0.788456
0.204870 0.368554 0.850761
0.217873 0.368146 0.862348
0.199556 0.366098 0.841561
0.216757 0.377394 0.873097
0.222779 0.383113 0.883637
0.202713 0.377272 0.861950
0.261964 0.342183 0.859359
0.254284 0.342599 0.855677
0.246057 0.344787 0.853148
0.269728 0.343654 0.865674
0.238554 0.351042 0.855378
0.269436 0.351409 0.876350
0.232167 0.365342 0.871727
0.256051 0.357665 0.879102
0.272599 0.357704 0.885769
0.243289 0.372278 0.891326
0.251776 0.372003 0.894873
0.235743 0.373143 0.885346
0.224123 0.371999 0.872001
0.276565 0.364551 0.894157
0.280940 0.355746 0.884753
0.267727 0.367339 0.894558
0.285169 0.326158 0.834915
0.301823 0.337371 0.855675
0.289698 0.330411 0.844742
0.277201 0.339483 0.859476
0.294841 0.336640 0.855824
0.285759 0.336640 0.855985
0.301143 0.344535 0.867843
0.283529 0.342890 0.867171
0.303989 0.352554 0.879565
0.311050 0.348033 0.871156
0.326096 0.350226 0.857014
0.317453 0.346016 0.859770
0.319583 0.359856 0.881815
0.286542 0.349503 0.876380
0.323119 0.368865 0.889057
0.298177 0.359200 0.888701
0.291988 0.365837 0.896742
0.309136 0.369510 0.897747
0.313326 0.377716 0.906570
0.283752 0.370225 0.901219
0.330063 0.356276 0.866502
0.335893 0.352342 0.853705
0.338054 0.347098 0.838852
0.333973 0.364799 0.877342
0.357644 0.364052 0.850761
0.345952 0.365801 0.868649
0.164129 0.407968 0.848605
0.157976 0.407328 0.836342
0.171464 0.406162 0.858958
0.165847 0.414985 0.859832
0.169037 0.420843 0.875209
0.177728 0.414670 0.878870
0.170214 0.429558 0.885616
0.182548 0.424592 0.896595
0.189489 0.378374 0.847440
0.218395 0.393132 0.891135
0.214355 0.386944 0.882095
0.200513 0.386476 0.870631
0.195073 0.382673 0.860391
0.187839 0.386129 0.856225
0.222670 0.399391 0.902127
0.226688 0.391557 0.895874
0.185379 0.393745 0.862784
0.177599 0.398437 0.858850
0.200189 0.395289 0.880608
0.185936 0.400282 0.871057
0.186016 0.408493 0.880648
0.193025 0.401767 0.881108
0.209208 0.396756 0.889637
0.200417 0.403210 0.889944
0.222527 0.407660 0.912986
0.215465 0.402278 0.900700
0.217906 0.416340 0.918601
0.231348 0.409032 0.919543
0.207643 0.405845 0.899315
0.200217 0.410861 0.898355
0.196634 0.418582 0.904861
0.184570 0.416495 0.889142
0.193027 0.428380 0.912044
0.189581 0.421475 0.900257
0.217369 0.425777 0.926565
0.210223 0.420334 0.918448
0.207308 0.429144 0.924450
0.203577 0.438656 0.929569
0.201387 0.424088 0.916038
0.189280 0.439037 0.915772
0.267252 0.377861 0.904484
0.260543 0.373663 0.899051
0.253800 0.379811 0.902978
0.238581 0.382147 0.897152
0.246118 0.380995 0.900914
0.250977 0.388375 0.909872
0.281909 0.378427 0.908702
0.234645 0.392140 0.903203
0.265905 0.387579 0.915840
0.265746 0.396556 0.924795
0.247134 0.396507 0.917351
0.280349 0.387576 0.919159
0.259725 0.403162 0.928476
0.238322 0.401385 0.914821
0.245474 0.406200 0.924973
0.253876 0.410780 0.932119
0.247576 0.416602 0.932803
0.291515 0.375083 0.906673
0.280414 0.397330 0.927679
0.340852 0.367341 0.877136
0.134062 0.551810 0.840488
0.424556 0.553124 0.800996
0.417717 0.553701 0.807936
0.190054 0.640387 0.846004
0.338014 0.677008 0.805713
0.241643 0.558328 0.830578
0.314276 0.544645 0.822817
0.197697 0.482916 0.812202
0.267499 0.472872 0.828887
0.360529 0.462644 0.809057
0.328654 0.401775 0.825086
0.326221 0.604639 0.794159
0.252867 0.415553 0.829495
0.285331 0.591812 0.850072
0.320319 0.493940 0.865226
0.259238 0.521367 0.882982
0.203379 0.567945 0.842208
0.205957 0.422666 0.814385
0.162432 0.466112 0.791113
0.301952 0.441899 0.857638
0.223191 0.628965 0.787415
0.368026 0.572631 0.812091
0.342960 0.536949 0.866282
0.298880 0.371077 0.817106
0.171080 0.488865 0.841349
0.308740 0.643943 0.782268
0.329179 0.580507 0.851037
0.172537 0.539110 0.813769
0.290590 0.403004 0.859798
0.356618 0.507282 0.820450
0.209812 0.385617 0.781159
0.273872 0.626991 0.833600
0.365806 0.401036 0.792120
0.347585 0.438676 0.855440
0.175466 0.580360 0.806237
0.338432 0.640769 0.779592
0.264890 0.374656 0.821711
0.378435 0.440083 0.816763
0.347340 0.611258 0.823944
0.309859 0.617273 0.840171
0.200173 0.613138 0.819804
0.233700 0.395328 0.842452
0.373475 0.603504 0.789170
0.151018 0.520369 0.817152
0.381062 0.516041 0.805054
0.619536 0.509465 0.785287
0.286123 0.662929 0.786904
0.264270 0.660612 0.796002
0.400299 0.534558 0.778207
0.181679 0.414900 0.812801
0.242970 0.640797 0.814083
0.383783 0.554948 0.807119
0.360796 0.557249 0.857716
0.321957 0.365773 0.814336
0.223707 0.364286 0.795889
0.294253 0.642318 0.820652
0.355738 0.404956 0.835968
0.148723 0.556796 0.797041
0.346128 0.380714 0.807960
0.141145 0.451604 0.783410
0.386307 0.487248 0.812006
0.264225 0.342095 0.797818
0.178268 0.610372 0.794250
0.361155 0.630350 0.790291
0.217558 0.649435 0.801982
0.408831 0.510012 0.789413
0.130172 0.517686 0.785373
0.286198 0.341395 0.803268
0.189058 0.390595 0.798181
0.245401 0.359401 0.809809
0.162033 0.431813 0.809243
0.379895 0.414161 0.811617
0.365726 0.535327 0.825961
0.327690 0.657303 0.798878
0.329453 0.347632 0.782926
0.261625 0.647166 0.830220
0.136647 0.498247 0.807818
0.303768 0.667092 0.793325
0.158360 0.586823 0.801595
0.400206 0.474060 0.795365
0.232954 0.370672 0.829995
0.154575 0.412233 0.786843
0.337710 0.358443 0.805776
0.427936 0.496167 0.780726
0.176840 0.598894 0.827693
0.196657 0.635090 0.809695
0.367830 0.379016 0.786931
0.170973 0.397064 0.787625
0.274274 0.326253 0.781857
0.270203 0.351888 0.827095
0.122907 0.474884 0.781721
0.391807 0.454377 0.805419
0.202653 0.369761 0.798655
0.391269 0.602549 0.788412
0.399104 0.555944 0.789132
0.138414 0.536678 0.803866
0.143928 0.430152 0.789524
0.413002 0.489679 0.793299
0.242226 0.660803 0.792400
0.392377 0.509855 0.821682
0.255926 0.672940 0.778496
0.277201 0.657686 0.818867
0.234259 0.344475 0.794507
0.376552 0.395986 0.810264
0.343056 0.657231 0.792496
0.127848 0.551356 0.788254
0.378103 0.623719 0.784104
0.135126 0.468877 0.805187
0.301605 0.338016 0.807088
0.623526 0.525565 0.791346
0.413766 0.548903 0.778422
0.391354 0.434781 0.805597
0.383913 0.534140 0.820507
0.627970 0.496441 0.792195
0.183252 0.633698 0.793241
0.397922 0.534390 0.806869
0.163370 0.611635 0.777886
0.390333 0.586469 0.807963
0.165851 0.412486 0.811046
0.123699 0.493218 0.793348
0.314890 0.334670 0.786471
0.214611 0.352578 0.797755
0.251524 0.338002 0.803419
0.120168 0.532427 0.782038
0.181710 0.373741 0.781290
0.407841 0.455427 0.778016
0.609012 0.500752 0.796170
0.289626 0.671943 0.806080
0.268345 0.675223 0.796469
0.352057 0.360851 0.794189
0.399576 0.495985 0.814915
0.136132 0.562324 0.799646
0.417682 0.525248 0.786695
0.288199 0.325717 0.798913
0.388329 0.418240 0.785916
0.146178 0.577636 0.803713
0.420852 0.505918 0.794636
0.343289 0.348206 0.786301
0.139603 0.448793 0.809672
0.207203 0.646866 0.817142
0.317959 0.669646 0.791254
0.397364 0.572593 0.797850
0.380553 0.384029 0.789758
0.127811 0.454328 0.791649
0.230775 0.660658 0.804976
0.611464 0.522901 0.784146
0.302993 0.324328 0.790223
0.140102 0.479636 0.825037
0.358192 0.646147 0.795408
0.438792 0.490231 0.789348
0.127456 0.566937 0.778604
0.171427 0.625118 0.789855
0.408630 0.576204 0.778860
0.134945 0.420858 0.779391
0.386780 0.616096 0.796621
0.192195 0.645992 0.792405
0.127159 0.480481 0.804600
0.144997 0.590713 0.789845
0.261323 0.326932 0.793183
0.178210 0.382896 0.800010
0.155240 0.601606 0.792259
0.634469 0.508870 0.785806
0.420086 0.462189 0.781270
0.403070 0.515819 0.810274
0.412153 0.562775 0.785146
0.399796 0.590510 0.797751
0.117201 0.507273 0.785052
0.295451 0.677963 0.787058
0.241506 0.334233 0.796253
0.397180 0.622131 0.778675
0.400181 0.446242 0.793022
0.214631 0.660073 0.809554
0.117165 0.460376 0.782900
0.198541 0.528081 0.836090
0.245881 0.674112 0.788581
0.388383 0.405046 0.799592
0.369689 0.638950 0.794577
0.408494 0.479006 0.807298
0.427286 0.481626 0.789873
0.334646 0.667649 0.788920
0.620260 0.485870 0.791743
0.603334 0.492040 0.784115
0.428486 0.522498 0.788653
0.227030 0.334596 0.781666
0.133440 0.584696 0.782166
0.143954 0.415980 0.791813
0.224381 0.344050 0.802787
0.276863 0.671393 0.810731
0.251875 0.600216 0.785105
0.161386 0.386757 0.783062
0.207554 0.359734 0.809267
0.308273 0.678277 0.779342
0.449078 0.492540 0.787961
0.191959 0.361720 0.783668
0.234522 0.508531 0.805950
0.155421 0.490779 0.794366
0.130230 0.449842 0.807856
0.617350 0.531621 0.782249
0.128324 0.566732 0.795508
0.396109 0.613005 0.792642
0.120115 0.456657 0.796850
0.449770 0.476094 0.785503
0.604638 0.515552 0.789545
0.233704 0.456250 0.800437
0.399541 0.602354 0.797102
