1.0379
1.0379
1.0333
1.0333
1.082
1.0575
1.0575
0.9586
0.80517
0.80517
0.84954
0.84954
0.85619
0.79545
0.79545
0.80659
0.95514
0.95514
1.0457
0.91517
1.0281
1.0736
0.98715
1.0586
1.1
0.95287
0.95287
1.0091
1.0634
0.98311
0.98311
0.92944
0.81866
0.85336
0.85336
0.84305
0.86472
0.86851
0.86303
0.93938
1.148
1.148
0.89975
1.11
0.9321
1.148
0.9321
0.9321
0.84481
0.55802
0.90075
0.55802
1.2465
1.0008
1.0479
1.1225
1.5913
0.9104
0.90094
0.90324
0.9104
0.97767
0.79638
0.93603
1.0281
0.83169
1.0628
0.90893
0.85387
1.0244
1.0929
1.1202
0.96329
0.96329
1.0364
1.0364
1.0804
0.99507
1.0359
0.6902
0.97073
0.8645
1.5913
0.78374
0.89958
1.2479
1.0237
1.0962
1.0364
0.98449
0.98449
1.0624
1.0747
1.0747
0.99379
1.0408
1.0837
1.07
1.0601
1.0647
0.65402
0.8754
1.1586
1.1586
0.96025
1.0311
1.1418
1.1467
0.99762
1.113
1.0239
0.90162
1.1076
1.0409
1.2831
1.0905
1.2699
1.0422
0.99816
0.92152
0.99906
1.166
1.2183
1.1361
1.0218
1.1167
1.1684
1.1153
1.3503
1.3503
1.1153
1.0509
1.1668
1.0956
1.0635
0.97803
0.9207
1.3744
1.264
0.98086
1.3288
0.90967
0.93911
1.0562
1.0562
0.96051
0.92152
0.94309
1.1417
1.4047
1.4499
1.4499
1.3283
1.2076
1.419
1.3625
1.1192
1.2113
1.1199
1.1199
1.1181
1.1191
1.1191
1.0381
1.2681
1.0454
0.82678
1.0381
0.85621
0.97851
0.85621
1.0769
1.5944
1.2939
1.3244
1.7876
1.7876
1.52
1.0424
1.2594
1.2471
1.0424
1.098
0.99698
0.99698
1.0543
1.2261
1.1218
1.1218
1.1134
1.8149
1.5771
1.5771
1.5783
1.4372
1.0389
1.4086
1.655
1.0944
1.0389
1.0944
0.96858
0.96858
1.0709
1.1556
1.1407
1.043
1.043
1.1298
1.2045
1.0412
1.2045
1.1755
1.2136
1.2192
1.2215
1.4191
1.265
1.6913
1.7706
1.7706
1.3307
1.5439
1.1822
1.265
1.2244
1.1822
1.2032
1.1659
1.0543
0.94028
1.1755
1.1036
1.1184
1.0761
1.0761
1.1516
1.095
1.1819
1.1819
1.5659
1.3752
1.9613
2.0129
2.0129
1.9659
1.8578
1.3403
1.3752
1.185
1.3994
1.2832
1.2876
1.3094
1.1741
1.161
1.2064
1.2379
1.3513
1.34
1.3469
1.3469
1.3583
1.3583
1.7967
1.7374
1.4769
1.269
1.269
1.3927
1.3927
1.4674
1.3211
1.3615
1.4029
1.4353
1.3334
1.5557
1.7068
1.3538
1.3105
1.2893
1.3436
1.4453
1.4561
1.3722
1.3722
1.4122
1.4122
1.487
1.3984
1.5095
1.1394
1.1394
1.2942
1.0661
0.9497
1.163
0.93115
1.2801
1.5078
1.4119
1.4307
1.5181
1.3399
1.4993
1.4856
1.6379
1.4928
1.541
1.585
1.585
1.641
1.4821
1.6301
0.9742
0.88853
0.88853
0.96228
0.99203
0.97851
0.97339
0.95745
0.92999
1.2168
1.0221
1.1366
1.3859
1.3055
1.6422
1.4148
1.4132
1.7405
1.4772
1.6612
1.557
1.422
1.557
1.5208
1.4942
1.4269
0.88293
0.89074
0.89074
0.88609
0.96899
0.83879
0.93886
0.96384
0.92909
0.91886
0.94256
1.0039
1.0366
1.0908
1.0213
1.2455
1.2195
1.2835
1.2579
1.319
1.2343
1.3785
1.3605
1.303
1.2303
1.2767
1.3233
1.3233
1.2511
0.84301
0.81077
0.73119
0.84301
0.86031
0.85501
0.92728
0.90877
0.89237
0.85921
0.95362
0.89092
0.95908
1.0213
0.96839
0.92058
0.9676
1.0196
1.0611
1.0553
0.98257
0.96803
1.1589
1.0823
1.2196
1.1793
1.2335
1.1766
1.2143
1.1676
1.1755
1.1867
1.1048
1.1755
1.2528
0.80586
0.85224
0.81646
0.81838
0.81838
0.77794
0.848
0.8751
0.87937
0.94561
0.95958
0.89547
0.89157
0.91093
0.86992
0.90554
0.86492
0.92315
0.93939
0.93701
1.0054
0.94932
0.96448
1.0017
1.0019
1.0813
1.0402
1.0068
1.0352
1.0654
1.0085
1.0088
1.0746
1.0067
1.0215
1.0649
1.0685
1.0526
1.0914
1.0914
1.0403
0.84613
0.83953
0.86053
0.84506
0.83193
0.83193
0.82479
0.85343
0.90065
0.87886
0.87843
0.858
0.85708
0.87623
0.91406
0.89124
0.86831
0.86765
0.8578
0.90271
0.9033
0.82983
0.9206
0.89795
0.9371
0.91897
0.88256
0.89023
0.93719
0.93551
0.88412
0.88602
0.93017
0.91984
0.9806
0.96574
1.0476
1.0141
1.0274
1.0084
1.0613
0.96738
0.9763
0.98521
1.019
1.0327
1.0172
0.98978
1.0172
0.99573
0.86257
0.82961
0.86341
0.8225
0.85079
0.79494
0.78901
0.81561
0.90972
0.87386
0.92616
0.9158
0.84492
0.86006
0.88382
0.88477
0.9036
0.88989
0.87562
0.88517
0.86535
0.9343
0.89658
0.86851
0.87938
0.90064
0.86727
0.845
0.95753
0.93335
0.95329
0.96788
0.96226
0.95282
0.97199
0.94746
1.0596
1.0513
1.0932
1.0087
0.96718
0.96928
0.97526
1.009
0.95875
0.95932
0.96113
0.95066
0.94849
0.93834
0.97645
0.95134
0.937
0.95641
0.97143
0.77112
0.85167
0.84908
0.86255
0.80609
0.84377
0.8075
0.80282
0.81807
0.80174
0.79449
0.77882
0.89434
0.82571
0.89719
0.90033
0.91801
0.92559
0.88167
0.88951
0.87431
0.9566
0.92875
0.959
0.91168
0.88384
0.96186
0.92515
0.90329
0.87427
0.88959
0.91592
0.89155
0.95203
0.9241
0.88089
0.9448
0.95749
0.96187
0.91087
0.97578
0.9657
0.91653
0.91451
0.96337
0.91715
0.98416
0.89801
0.98811
0.98411
0.91498
0.972
0.97005
0.93603
0.9141
0.8989
0.97056
0.94771
0.92593
0.94751
0.93367
0.93692
0.93367
0.97143
0.92443
0.86526
0.83696
0.8654
0.83166
0.86594
0.82954
0.83415
0.78233
0.78233
0.8243
0.82006
0.92002
0.91325
0.91224
0.92162
0.95059
0.91953
0.87752
0.94294
0.90141
0.91112
0.93588
0.95944
0.9564
0.93011
0.93403
0.9203
0.92655
0.92743
0.93944
0.92848
0.90209
0.9537
0.96063
0.88689
0.96041
0.88119
0.97031
0.87416
0.99841
0.95071
0.92206
0.97403
0.91796
1.0683
1.0548
0.95292
1.0229
1.0032
0.94258
0.93848
0.93337
0.96518
0.9217
0.94768
0.96963
0.92014
0.92014
0.96865
0.97733
0.97733
0.86878
0.89975
0.888
0.89473
0.88769
0.88852
0.91641
1.0286
1.0153
0.96272
0.92408
0.90593
0.91861
0.93737
0.89882
0.92681
0.92881
0.92881
0.85949
0.81939
0.85949
0.86831
0.87853
0.8856
0.83595
0.86379
0.90788
0.91913
0.81698
0.82827
0.81611
0.81611
0.93106
0.92469
0.93126
0.9286
0.94652
0.95995
0.96193
0.96473
0.94618
0.94313
0.9543
0.94783
0.94865
0.94416
0.98519
1.0308
1.017
0.93037
0.9487
1.0249
1.1192
1.0849
1.0912
1.1374
1.152
1.2014
0.97568
1.0221
1.0645
1.15
1.1762
1.1202
1.1454
0.97072
0.89422
0.94942
1.1378
1.0461
0.92593
1.0269
0.88349
0.90171
0.90504
0.97568
0.95415
0.89402
0.94541
0.94541
0.8711
0.98011
0.90327
0.88172
0.88172
0.9866
0.93022
0.93022
0.8768
0.89886
0.88338
0.9207
0.91559
0.94131
0.91025
0.93103
0.94252
0.93014
0.89028
0.90074
0.94207
0.9549
0.94252
0.92345
0.87876
0.87301
0.86425
0.91144
0.91033
0.84693
0.85325
0.91441
0.91938
0.81594
0.82679
0.80902
0.81515
0.90103
0.96558
0.92429
0.94247
0.94638
0.98907
0.94965
0.92142
0.94899
0.98204
0.94695
0.95394
0.94003
0.93784
0.94145
1.2771
1.2211
1.2459
1.3134
1.3429
1.2462
1.2211
0.98718
1.2857
1.3551
1.1738
1.3071
0.89908
1.002
0.93771
0.8954
1.0853
0.99086
0.86366
0.87401
0.85924
0.90386
0.87255
1.2752
1.2752
1.5703
1.5703
1.1693
1.2616
1.2627
0.94003
0.90801
0.92331
0.8988
0.94773
0.93497
0.92049
0.92852
0.94447
0.94447
0.87951
0.89383
0.95135
0.96926
0.94946
0.90171
0.9326
0.91866
0.92424
0.94512
0.94512
0.91131
0.95426
0.95426
0.94245
0.93522
0.96226
0.96226
0.94325
0.87136
0.86092
0.86188
0.9252
0.90136
0.91597
0.94083
0.83735
0.8679
0.9071
0.83913
0.82002
0.86279
0.82931
0.93708
0.91722
0.92662
0.98729
0.9738
0.98514
0.93734
0.97533
0.99656
1.0146
1.4815
1.5979
1.4288
1.3427
1.5014
1.0128
1.3362
1.1115
0.93904
1.032
0.86758
0.86842
0.88799
0.98545
0.83421
0.86924
0.83583
0.85602
0.92883
0.88357
1.468
1.468
1.4589
1.4589
0.94298
0.93394
0.88686
0.89727
0.93727
0.88313
0.90171
0.94268
0.90432
0.95009
0.89475
0.90418
0.92565
0.92565
0.91256
0.93647
0.93352
0.97533
0.97469
0.87339
0.91206
0.91353
0.87048
0.95714
0.93365
0.93947
0.85142
0.86706
0.88406
0.88406
0.9441
0.97375
0.97098
0.96267
0.94917
0.97725
1.01
0.9784
0.96899
1.01
1.4809
1.4942
1.1987
1.4876
0.98222
0.80464
0.80464
0.93284
1.0335
0.70356
0.87876
0.70891
0.81448
0.79688
0.71919
0.84942
0.81371
0.79285
0.84694
0.8349
0.9057
0.84443
0.90564
1.4516
1.4516
1.349
1.349
0.92359
0.91201
0.99599
0.92311
0.88593
0.9107
0.91703
0.91042
0.87307
0.87718
0.96228
0.93192
0.92565
0.93215
0.88678
0.96228
0.93192
0.95012
0.93007
0.90273
0.91275
0.90513
0.90826
0.88741
0.96501
0.95245
0.98767
0.90953
0.97433
0.98174
0.96551
1.0191
0.99136
0.99972
0.99972
0.96899
1.4587
1.4386
1.1768
0.95673
1.0986
1.2524
0.98663
0.98512
0.78889
0.84966
0.67867
0.8428
0.82153
0.67461
0.75651
0.75947
0.81378
0.79794
0.81275
0.90754
0.84171
0.81946
0.87638
0.83389
0.90932
0.88129
0.89102
0.90693
0.82153
0.64829
0.83442
0.84643
1.0468
1.2316
1.0468
1.1792
1.1792
1.6692
1.2652
1.1994
0.83852
0.8845
0.9178
0.92867
0.90434
0.9364
0.91204
0.88182
0.91911
0.97257
0.9788
0.97007
0.93264
0.9544
0.89651
0.89432
1.0209
1.0209
1.0028
1.0028
0.94722
0.94722
0.94722
1.0049
0.96579
0.96579
0.9736
0.97487
1.0132
1.4237
0.97972
0.82402
0.91165
0.96595
1.1791
0.9556
0.81004
0.93526
0.97523
0.9327
0.90754
0.91506
0.91506
0.71388
0.71388
0.75378
0.80522
0.75989
0.80477
0.79589
0.97523
0.92601
0.83853
0.8439
0.87262
0.8721
0.88803
0.9216
0.87619
0.87657
0.78216
0.78216
0.7535
0.80745
0.80745
0.79471
1.1154
1.1228
1.1399
1.1399
0.93911
0.94284
0.93559
0.91418
0.92875
0.94
0.93002
0.92867
0.9034
0.96465
0.88646
0.96792
0.95052
0.93019
0.89122
0.88671
0.88801
0.88801
0.86736
0.92905
0.95939
0.95952
0.95949
0.95552
1.1554
1.2198
0.94234
0.95891
1.1672
0.96312
1.0881
1.2422
0.98432
0.91385
0.92143
1.0316
0.81669
0.83955
0.83514
0.85129
0.87249
0.89933
0.82606
0.87255
0.90225
0.9058
0.8886
0.83386
0.83386
0.82998
1.1734
1.1815
1.1815
1.1021
1.0651
0.92551
0.92374
0.91696
0.93985
0.89113
0.95702
0.91913
0.89121
0.84618
0.96186
0.92026
0.88516
0.87813
0.9163
0.92439
0.91781
0.91731
0.89735
0.91665
0.92276
1.0915
0.73914
0.90375
0.9922
1.0722
1.0475
1.0251
1.0528
1.118
1.2877
1.1096
1.2829
0.69246
0.88388
0.86894
0.85973
0.84071
0.91834
0.84842
0.90313
0.89131
0.89994
0.90709
0.85562
0.85562
0.85781
0.87178
0.87178
0.87164
0.61401
0.61401
0.95754
0.95754
0.65373
0.94411
0.90764
0.91023
0.93299
0.91151
0.95149
0.92108
0.90419
0.92264
0.98253
0.98061
0.89097
0.93832
0.94198
0.9414
0.93225
0.9748
0.95204
0.9414
0.91731
0.8833
0.91938
0.84828
0.94685
0.94685
0.99626
0.88606
0.82116
1.0724
0.82116
1.1128
0.91007
1.1788
0.94486
0.789
0.73202
0.8642
0.83849
0.92178
0.90165
0.92559
0.89913
0.87404
0.90181
0.88036
0.88819
0.84075
0.92835
0.84849
0.91593
0.91593
0.89662
0.80437
0.80437
0.88046
0.89871
0.96252
0.94529
0.95581
0.94719
0.99529
0.93292
0.98556
0.93231
0.94523
0.94246
0.94093
0.96505
0.93624
0.93624
0.8982
0.92714
0.90423
0.91336
0.87867
0.92744
0.87786
0.94876
0.91104
0.82705
1.1909
1.2732
1.0103
1.0921
0.83577
0.90157
0.78019
0.97331
0.915
0.96145
0.86478
0.87543
0.88658
0.92956
0.87663
0.88545
0.87543
0.88819
0.97331
1.0115
1.1336
1.1336
1.0103
0.913
0.92205
0.92159
0.9461
0.93586
0.90368
0.93759
0.94161
0.93126
0.93455
0.94091
0.92323
0.8814
0.94354
0.93792
0.92971
0.92838
0.94303
0.91848
0.91848
0.92831
0.93555
0.93666
0.93857
1.0006
0.95439
1.1054
0.71206
0.70926
0.95877
0.93411
0.91915
0.91915
0.93319
0.72749
0.68193
0.7771
0.79453
0.71411
0.87234
0.87664
0.87234
0.88992
0.91291
0.92992
0.91771
0.91893
0.7766
0.7766
1.083
0.92087
0.92255
0.93351
0.91146
0.9223
0.93533
0.91543
0.90125
0.89804
0.89703
0.91303
0.94223
0.92206
0.92107
0.92247
0.90546
0.88062
0.86542
0.92703
0.93567
0.94346
0.93567
0.90282
0.90428
0.93031
0.90627
0.86408
0.91467
0.78026
0.83477
0.69041
0.90359
0.7577
0.89568
0.86267
0.89084
0.8546
0.84647
0.84647
0.96142
0.83242
0.89679
0.91971
0.89679
0.94532
0.92015
0.91467
0.8068
0.88091
0.89242
0.95729
0.89388
0.96458
0.96591
0.93538
0.94619
0.90131
0.93485
0.96261
0.94306
0.89655
0.88986
0.96984
0.92838
0.88667
0.93579
0.93749
0.94286
0.94431
0.95719
0.9097
0.90536
0.9524
0.92089
1.0562
1.0562
0.89023
0.69287
0.96539
0.79462
0.91137
0.93218
0.6151
0.66652
0.73198
0.63753
0.96296
0.75492
0.77963
0.77963
0.80891
0.95964
0.95964
0.88071
0.9286
0.91509
0.91249
0.89998
0.88912
0.88363
0.9058
0.98048
0.93509
0.90078
0.92682
0.92704
0.88282
0.90409
0.96003
0.84039
0.90827
0.96489
0.90393
0.88545
0.89441
0.95029
0.95029
0.95719
0.94227
0.93084
0.93084
0.92029
0.87378
0.96034
0.88912
0.88373
0.93463
1.055
1.055
0.6549
0.58209
0.88953
0.57138
0.92987
0.7633
0.74099
0.67306
0.72505
0.8645
0.96675
1.0242
0.75776
0.67306
0.74462
0.66732
0.66732
0.7511
0.63577
0.89314
0.87879
0.89954
0.89166
0.87424
0.86984
0.87447
0.89222
0.9067
0.89458
0.92324
0.95586
0.92001
0.9108
0.97676
0.95721
0.95964
0.93615
0.93422
0.93318
0.90797
0.91478
0.92408
0.9327
0.9666
0.92291
0.9666
0.90814
0.90814
0.91039
0.94049
0.98371
0.80811
0.92031
1.0499
0.8499
0.84858
0.63776
0.75598
0.75598
0.71566
0.84815
0.66968
0.76823
0.85709
0.86793
0.85753
1.0364
1.0364
0.90049
0.89743
0.90754
0.89229
0.92231
0.92231
0.88771
0.94409
0.91045
0.94707
0.97783
0.97788
0.93067
0.90759
0.9264
0.9045
0.97881
0.9248
0.93652
0.94211
0.90358
0.91467
0.90527
0.93716
0.8728
0.8728
0.94045
0.96762
0.92264
0.86979
0.90286
0.88751
0.88156
0.72824
0.73324
0.73324
0.8194
0.72803
0.74678
0.79807
0.70809
0.81777
0.68167
0.84183
0.88702
0.92698
0.7485
0.97411
0.90465
0.91224
0.91429
0.88877
0.89275
0.89275
0.93347
0.9561
0.87675
0.93077
0.90613
0.86191
0.93896
0.93094
0.88577
0.87178
0.9074
0.93278
0.91205
0.8855
0.92144
0.91932
0.89721
0.88926
0.93621
0.96749
0.89721
0.886
0.8462
0.92444
0.9595
0.94609
0.9595
0.92698
0.74161
0.75912
0.75912
0.82794
0.78338
0.72216
0.75774
0.83031
0.68533
0.83284
0.90641
0.90936
0.93847
0.66057
0.80523
0.66057
0.83925
0.91189
0.93532
0.93168
0.88347
0.88782
0.96348
0.92426
0.91377
0.91974
0.88019
0.90848
0.93015
0.96197
0.89521
0.94857
0.91652
0.91254
0.88371
0.89056
0.90318
0.92846
0.90819
0.96953
0.89504
0.92846
0.91514
0.93473
0.92761
0.92818
0.95757
0.76406
0.76406
0.82263
0.77122
0.6933
0.79847
0.79317
0.75101
0.87337
0.81197
0.82962
0.91314
0.86226
0.87299
0.86226
0.83124
0.85391
0.90614
0.93459
0.86563
0.87427
0.93459
0.89911
0.93648
0.98563
0.92692
0.98563
0.95283
0.94921
0.96773
0.94673
0.88561
0.88894
0.90557
0.86964
0.92502
0.90879
0.91381
0.92464
0.91722
0.93627
0.93492
0.91987
0.79504
0.85645
0.79752
0.77194
0.77965
0.80522
0.81102
0.79905
0.87723
0.84919
0.8677
0.87406
0.91635
0.89843
0.91427
0.92759
0.93176
0.92655
0.91005
0.91844
0.91005
0.95496
0.88335
0.88261
0.94542
0.90528
0.92497
0.97101
0.91602
0.94086
0.96052
0.95928
0.89515
0.92168
0.93331
0.94407
0.89515
0.94904
0.91381
0.90465
0.90223
0.88374
0.89819
0.93883
0.87516
0.90554
0.92703
0.77287
0.79251
0.79251
0.85164
0.84163
0.83728
0.78354
0.78618
0.80468
0.84176
0.87759
0.81525
0.92738
0.88576
0.92144
0.94662
0.90099
0.90099
0.87128
0.93176
0.93234
0.93234
0.8888
0.87516
0.88806
0.85007
0.92261
0.87915
0.95645
0.90306
0.884
0.89737
0.91967
0.88533
0.86417
0.86133
0.86417
0.94332
0.89195
0.8427
0.89114
0.92615
0.81065
0.83349
0.89811
0.84907
0.82834
0.82834
0.82345
0.8643
0.83815
0.79066
0.8696
0.87113
0.80512
0.81302
0.83871
0.86334
0.88193
0.88914
0.89037
0.89967
0.92222
0.92222
0.92856
0.91164
0.91652
0.94399
0.97058
0.88848
0.8469
0.8761
0.87791
0.8761
0.91595
0.87255
0.93442
0.89347
0.86042
0.86042
0.89811
0.92448
0.8417
0.83758
0.83758
0.86151
0.83154
0.87785
0.87685
0.87132
0.89314
0.89896
0.9222
0.9222
0.91024
0.91799
0.92084
0.95642
0.95642
0.90831
0.90711
0.86982
0.93385
0.88546
0.87124
0.88546
0.91768
0.89808
0.89032
0.87745
0.93385
0.86088
0.86088
0.85871
0.83464
0.83712
0.88505
0.87486
0.91474
0.87912
0.86162
0.94735
0.90774
0.94952
0.96456
0.96006
0.95002
0.95002
0.91859
0.87745
0.89764
0.89032
0.92509
0.90791
0.83146
0.83146
0.83924
0.83002
0.81155
0.8772
0.82098
0.92247
0.95008
0.95089
0.91754
0.95027
0.9215
0.9215
0.90977
0.93058
0.91096
0.91096
0.83903
0.83903
0.84534
0.90119
0.87841
0.89809
0.90091
0.90091
0.8671
0.8671
0.85781
0.86906
0.86906
0.88093
0.87172
0.87448
0.92637
0.89638
0.9612
0.87998
0.97135
0.90636
0.89273
0.88993
0.90947
0.91603
0.90459
0.91078
0.91078
0.94419
0.94419
0.87149
0.99714
0.89063
1.1461
1.0612
1.1434
1.0685
1.0411
1.055
0.93742
0.88862
0.9312
0.92209
0.91336
0.95494
0.95063
0.9312
0.95494
0.89534
0.91283
0.88467
0.90943
0.9196
1.0102
0.99895
1.0102
0.98009
0.9599
0.92022
0.92355
0.92695
0.8047
0.82755
0.91058
0.86957
0.91058
0.86073
0.89533
0.81642
1.0615
1.0136
1.0615
1.003
0.97532
0.99927
1.2423
0.8945
0.87715
0.92008
0.91454
0.88253
0.91478
0.89684
0.88188
0.88008
0.93233
0.88005
0.91576
0.87338
0.87338
0.88005
0.93717
1.2287
1.2287
1.2634
1.117
1.2123
1.1358
1.2589
0.88562
0.89424
0.86409
0.87203
0.8964
0.93457
0.92983
0.93457
0.96707
0.96707
0.90103
0.9133
0.91229
0.91363
0.88392
0.87762
0.93321
0.93893
0.92247
0.90683
0.91228
0.92803
0.92803
0.89956
0.92895
0.92743
0.89487
1.3164
1.2027
1.0801
1.0444
0.9759
0.84938
0.87762
0.91341
0.91341
0.89278
0.90259
0.92072
0.89823
0.91325
0.90729
0.80923
0.88764
0.88184
0.8318
0.88184
0.88764
0.80923
0.98994
1.1367
1.0577
1.0045
0.99854
0.94551
0.99854
1.0927
0.87998
0.87657
0.82011
0.81451
0.89652
0.86686
1.0127
0.98322
0.98322
1.0194
1.1783
1.1173
0.94227
0.94848
0.94012
0.9396
0.80788
0.83959
0.84168
0.83485
0.9001
0.89894
0.89981
0.89858
0.87496
0.89858
0.95519
0.95519
1.092
1.0422
1.0942
1.0555
1.0612
1.065
0.8124
0.79937
0.82971
0.86409
0.92172
0.93129
0.95578
0.95317
0.90415
0.91063
1.3348
1.1242
1.2511
1.1783
1.1044
1.1067
0.95746
1.1067
0.95746
0.969
0.969
1.0388
1.1619
1.2918
1.3156
1.4957
1.3137
1.1371
1.1008
1.2175
1.2095
0.90918
0.90918
0.90192
0.93246
0.93246
0.96087
0.95531
0.88898
0.94514
0.89039
0.85732
0.91251
0.9142
0.9142
0.80646
0.86686
0.80646
1.414
1.4483
1.5501
1.5271
1.5121
0.93189
0.91014
0.90644
0.88315
0.91067
0.90644
1.6379
0.79849
0.79347
0.82942
1.0709
0.96474
0.95735
0.9625
0.86488
0.93383
0.91467
0.89735
0.95963
0.95963
0.86484
0.82456
0.87715
0.89376
0.96782
0.96215
0.88473
0.93001
0.91175
0.94412
0.9343
0.87973
0.89034
0.91986
0.87973
0.94412
0.92172
0.88374
0.91982
0.88374
0.91229
0.91254
1.2607
1.3693
1.0958
1.0444
0.98387
0.89329
0.93162
0.90471
0.91978
0.9098
0.86989
0.888
0.94909
1.0072
0.89204
0.92813
0.87862
0.88339
0.90712
0.93228
0.90537
0.9347
0.9347
0.90712
1.3693
1.2027
0.80688
0.81901
0.8222
1.1533
1.0023
1.1627
0.93605
0.89764
0.7649
0.99906
1.2792
0.91481
0.97801
0.92668
0.88146
0.8858
0.91828
0.92958
0.9057
0.90302
0.93157
0.98467
0.90425
0.87779
0.85293
0.88018
0.88731
0.86494
0.87807
0.82476
1.3948
1.1042
1.1504
0.94701
0.85025
0.87088
0.95894
0.90975
0.91857
0.89052
0.87714
0.90315
1.1062
0.88424
0.87155
0.90758
0.86841
0.92743
0.9038
1.3522
0.84641
0.84641
0.90088
0.93654
0.86989
0.8698
0.89063
0.86651
0.83623
0.84435
1.2918
0.9379
0.89973
0.86787
0.91497
0.9342
0.9342
0.89706
1.0347
0.81021
0.7649
0.87149
0.92449
0.85512
0.87288
0.91778
0.94312
0.8527
1.6379
0.89402
0.87362
0.91322
0.92275
0.92753
0.92962
0.87908
0.8712
0.98941
0.85512
0.95162
0.9062
0.88473
1.5501
1.0696
1.0827
0.99576
1.2095
1.0072
0.77953
0.79849
0.9446
0.93491
0.91338
1.4191
0.94965
0.96227
1.3449
0.89735
0.89281
0.93223
0.9031
0.89706
0.94906
0.9524
0.82619
0.82619
0.93464
0.82245
0.95987
1.0906
1.0135
1.0906
1.118
0.91614
0.93844
0.81021
0.9057
0.95164
0.90476
0.89261
0.82011
0.82942
0.9644
1.0958
0.92411
