1.0409
1.0409
1.0363
1.0363
1.0911
1.0517
1.0517
0.9606
0.81115
0.81115
0.85451
0.85451
0.86005
0.79787
0.79787
0.81138
0.95464
0.95464
1.0467
0.91223
1.04
1.0744
0.99532
1.0534
1.0996
0.95342
0.95342
1.0089
1.0576
0.98696
0.98696
0.93008
0.8269
0.858
0.858
0.8502
0.86706
0.86846
0.86564
0.9353
1.1346
1.1346
0.90359
1.1089
0.93018
1.1346
0.93018
0.93018
0.84933
0.60156
0.90602
0.60156
1.2359
0.99999
1.0544
1.1138
1.5655
0.91796
0.9013
0.9122
0.91796
0.97926
0.80207
0.9334
1.0187
0.83496
1.0668
0.90985
0.86711
1.0289
1.0822
1.1064
0.96569
0.96569
1.0339
1.0339
1.0737
1.0022
1.0355
0.70279
0.96002
0.87712
1.5655
0.80064
0.90292
1.2293
1.0287
1.096
1.0406
0.98973
0.98973
1.0666
1.0733
1.0733
0.99473
1.0467
1.0763
1.0742
1.0533
1.0583
0.67269
0.87839
1.1662
1.1662
0.95933
1.0294
1.143
1.134
0.99892
1.1095
1.0254
0.91065
1.1068
1.0429
1.2635
1.0855
1.2575
1.0412
1.0055
0.93734
1.006
1.1658
1.205
1.1344
1.0214
1.1095
1.1754
1.118
1.3276
1.3276
1.118
1.053
1.169
1.0987
1.0595
0.9814
0.92877
1.3558
1.2496
0.98781
1.3119
0.9169
0.93722
1.0548
1.0548
0.96873
0.93734
0.94362
1.1371
1.375
1.4464
1.4464
1.3188
1.2017
1.3933
1.3362
1.1143
1.1957
1.1131
1.1131
1.1162
1.1172
1.1172
1.032
1.2651
1.0448
0.8274
1.032
0.87029
0.98076
0.87029
1.0699
1.6056
1.2899
1.3204
1.8021
1.8021
1.5418
1.0482
1.2556
1.249
1.0482
1.0939
0.99923
0.99923
1.0595
1.2246
1.127
1.127
1.1119
1.8131
1.5649
1.5649
1.5721
1.432
1.0479
1.4174
1.6467
1.0884
1.0479
1.0884
0.97918
0.97918
1.0689
1.1562
1.1328
1.0513
1.0513
1.143
1.1905
1.0414
1.1905
1.1261
1.1909
1.2121
1.2417
1.4073
1.2818
1.7187
1.8058
1.8058
1.3258
1.5404
1.1728
1.2818
1.214
1.1728
1.2084
1.1559
1.0733
0.94433
1.1261
1.1218
1.1144
1.0793
1.0793
1.1343
1.1023
1.214
1.214
1.5765
1.3636
1.9661
2.0154
2.0154
1.9733
1.8545
1.3344
1.3636
1.2026
1.4017
1.275
1.3041
1.3242
1.1662
1.1783
1.1974
1.2479
1.3714
1.3501
1.3526
1.3526
1.3757
1.3757
1.7788
1.7326
1.4284
1.1942
1.1942
1.3565
1.3565
1.419
1.2841
1.3185
1.3625
1.4089
1.2922
1.5589
1.7098
1.3605
1.3036
1.2849
1.3389
1.4349
1.4477
1.3596
1.3596
1.4008
1.4008
1.4717
1.4032
1.5183
1.1189
1.1189
1.2704
1.0468
0.91836
1.1143
0.91125
1.2661
1.4696
1.3887
1.3945
1.482
1.325
1.4872
1.4745
1.6157
1.4791
1.5276
1.5521
1.5521
1.6259
1.4637
1.6211
0.972
0.88954
0.88954
0.96435
0.98681
0.97753
0.957
0.95025
0.93193
1.1912
1.0131
1.1237
1.3477
1.283
1.6293
1.4008
1.3965
1.7144
1.4344
1.6277
1.5241
1.3927
1.5241
1.4801
1.4715
1.3951
0.87978
0.88957
0.88957
0.89057
0.97002
0.83384
0.93273
0.96526
0.93195
0.91137
0.94226
0.98894
1.0278
1.0781
1.0106
1.2307
1.2196
1.2735
1.2494
1.2972
1.2138
1.3621
1.3421
1.2827
1.2074
1.2567
1.2931
1.2931
1.2323
0.84064
0.8061
0.72645
0.84064
0.84935
0.84606
0.92002
0.90493
0.88769
0.84682
0.9498
0.88989
0.95274
1.0169
0.96709
0.91388
0.96088
1.0113
1.0594
1.0487
0.97331
0.95852
1.135
1.0649
1.2027
1.1623
1.217
1.157
1.201
1.16
1.1726
1.1744
1.0969
1.1726
1.2388
0.80544
0.84591
0.81453
0.82409
0.82409
0.77291
0.83178
0.8703
0.87483
0.94394
0.95601
0.88778
0.88418
0.90284
0.86722
0.89778
0.85687
0.91356
0.93877
0.9292
1.0054
0.95495
0.96031
0.99763
1.0031
1.0612
1.0224
0.99013
1.0153
1.0522
1.0027
1.0132
1.0697
1.0061
1.0229
1.0635
1.0643
1.0512
1.0853
1.0853
1.0341
0.84679
0.84069
0.86733
0.84523
0.8366
0.8366
0.83617
0.84979
0.89362
0.87859
0.88006
0.85637
0.85156
0.86749
0.91187
0.88104
0.85979
0.85977
0.85312
0.89399
0.89045
0.8272
0.92325
0.90788
0.93857
0.9144
0.89141
0.89433
0.93736
0.93373
0.87368
0.87928
0.91209
0.90608
0.9719
0.95949
1.0405
1.0022
1.0203
1.0097
1.0602
0.96791
0.97624
0.98756
1.0134
1.0307
1.0208
0.99393
1.0208
0.99859
0.86716
0.83366
0.86856
0.82892
0.85052
0.79848
0.79367
0.82122
0.90908
0.86906
0.9242
0.91611
0.84886
0.84992
0.8773
0.8821
0.89823
0.89019
0.88044
0.89226
0.86255
0.93852
0.90696
0.8738
0.87682
0.89846
0.87565
0.84869
0.96649
0.93399
0.95512
0.97788
0.96057
0.95498
0.95764
0.94574
1.0493
1.0457
1.0659
1.0016
0.93772
0.95983
0.9749
1.0025
0.95614
0.95754
0.95791
0.94838
0.9387
0.93402
0.96877
0.95374
0.93869
0.95989
0.97097
0.778
0.8445
0.85112
0.85552
0.80322
0.83972
0.81507
0.82023
0.83001
0.80912
0.79144
0.77709
0.88569
0.82422
0.89243
0.90094
0.91321
0.92779
0.87939
0.89071
0.87322
0.9557
0.9279
0.96026
0.91251
0.88569
0.96312
0.92305
0.90573
0.87287
0.89047
0.9148
0.8852
0.95223
0.9261
0.8874
0.94169
0.95509
0.95712
0.9069
0.96494
0.95579
0.88557
0.88923
0.93799
0.88623
0.96363
0.89871
0.97839
0.97196
0.91143
0.96
0.96059
0.94054
0.92124
0.91016
0.96642
0.94911
0.9263
0.94575
0.93272
0.93667
0.93272
0.97097
0.92598
0.85929
0.83252
0.85996
0.8277
0.86211
0.82713
0.83116
0.78548
0.78548
0.81972
0.81728
0.92385
0.91772
0.91205
0.92918
0.94891
0.91188
0.87978
0.94417
0.90978
0.91027
0.93031
0.9611
0.95442
0.92367
0.9329
0.92441
0.92654
0.92423
0.93325
0.93112
0.90633
0.95117
0.95906
0.88738
0.9682
0.88252
0.96782
0.87745
0.99815
0.9615
0.91248
0.95859
0.90261
1.0475
1.0426
0.93362
1.0012
0.9875
0.92709
0.931
0.9251
0.96473
0.92607
0.9441
0.96754
0.91658
0.91658
0.96624
0.97429
0.97429
0.86468
0.90668
0.89323
0.8931
0.88645
0.89496
0.92207
1.0205
1.0121
0.95974
0.92727
0.91099
0.923
0.93564
0.90559
0.93147
0.9352
0.9352
0.86074
0.8235
0.86074
0.86113
0.87641
0.88371
0.83479
0.85999
0.90853
0.91983
0.82612
0.83567
0.83012
0.83012
0.93486
0.92704
0.92013
0.9222
0.94636
0.95154
0.97274
0.95861
0.95212
0.93508
0.94405
0.94854
0.94952
0.94073
0.98178
1.0291
1.0168
0.9248
0.94276
1.0204
1.1186
1.0878
1.0838
1.1339
1.1539
1.1743
0.97539
1.0316
1.0703
1.1297
1.1486
1.1021
1.1191
0.9645
0.89622
0.95499
1.1335
1.0519
0.9272
1.0188
0.88825
0.90482
0.90441
0.97539
0.96572
0.89871
0.94275
0.94275
0.86708
0.9821
0.90506
0.88458
0.88458
0.99093
0.93044
0.93044
0.87785
0.89668
0.88643
0.91751
0.91257
0.93248
0.9138
0.93405
0.94248
0.93176
0.89617
0.90735
0.94466
0.95654
0.94248
0.92606
0.8842
0.86958
0.86654
0.9049
0.91437
0.85864
0.85703
0.91245
0.91302
0.82786
0.8368
0.8148
0.82811
0.89467
0.95419
0.91626
0.9375
0.93876
0.97464
0.95291
0.91291
0.94989
0.97663
0.93921
0.95218
0.93794
0.92807
0.93014
1.2532
1.2056
1.2091
1.2676
1.2995
1.2098
1.2056
0.98779
1.2598
1.3348
1.1749
1.306
0.90445
1.0153
0.9532
0.90318
1.0927
1.0102
0.86764
0.88823
0.86928
0.89827
0.87723
1.2448
1.2448
1.5401
1.5401
1.1603
1.2373
1.2366
0.93794
0.90826
0.91809
0.89417
0.94493
0.9382
0.91123
0.92047
0.94866
0.94866
0.89038
0.9
0.95165
0.96289
0.95062
0.91537
0.93735
0.91737
0.92485
0.94403
0.94403
0.9162
0.94981
0.94981
0.93783
0.93038
0.9601
0.9601
0.94232
0.87108
0.85932
0.86962
0.93424
0.89894
0.91131
0.93286
0.84156
0.87113
0.90458
0.8329
0.822
0.86131
0.83348
0.93458
0.91726
0.9284
0.97469
0.96454
0.97493
0.92805
0.96761
0.98449
1.0008
1.4704
1.5787
1.4135
1.3347
1.4973
1.0138
1.3344
1.1092
0.96501
1.0533
0.88301
0.91104
0.88131
0.99821
0.84344
0.87836
0.8475
0.86514
0.92225
0.87738
1.46
1.46
1.443
1.443
0.9313
0.92562
0.88619
0.89918
0.93177
0.88675
0.91537
0.93886
0.90438
0.94753
0.90283
0.90717
0.92534
0.92534
0.9179
0.92498
0.92841
0.96761
0.97359
0.8721
0.91172
0.91604
0.86833
0.94834
0.92865
0.93047
0.85542
0.865
0.87948
0.87948
0.94739
0.9672
0.96125
0.9547
0.95462
0.97573
0.99681
0.97157
0.96439
0.99681
1.474
1.4897
1.1885
1.4848
0.96432
0.77965
0.77965
0.90869
1.0132
0.73399
0.88929
0.74292
0.825
0.8198
0.69753
0.84425
0.83578
0.81124
0.85699
0.84243
0.91171
0.8504
0.90803
1.444
1.444
1.3476
1.3476
0.9247
0.90584
0.97988
0.92347
0.88679
0.9149
0.91175
0.9085
0.88208
0.88924
0.95664
0.93094
0.92534
0.92676
0.8942
0.95664
0.93094
0.93861
0.92255
0.90242
0.9164
0.90339
0.90972
0.89417
0.96605
0.95372
0.97908
0.90803
0.96342
0.96883
0.9658
1.0074
0.99143
0.99677
0.99677
0.96439
1.4585
1.4326
1.1802
0.93465
1.0722
1.2423
0.96905
0.9691
0.7633
0.83014
0.70188
0.83968
0.82583
0.69838
0.77319
0.77545
0.83487
0.81491
0.79153
0.89293
0.84189
0.82524
0.87378
0.83672
0.91519
0.88082
0.89274
0.91483
0.82583
0.67519
0.85731
0.84667
1.0363
1.2234
1.0363
1.1805
1.1805
1.6748
1.2615
1.1888
0.84576
0.88667
0.92149
0.92683
0.90441
0.93484
0.91486
0.88811
0.9173
0.95863
0.96574
0.95803
0.93163
0.9501
0.89858
0.89988
1.0215
1.0215
1.0141
1.0141
0.9532
0.9532
0.9532
1.0018
0.96566
0.96566
0.96878
0.97008
1.0164
1.4251
0.97089
0.80894
0.90102
0.95595
1.184
0.94888
0.79927
0.924
0.96744
0.9219
0.89293
0.90849
0.90849
0.74505
0.74505
0.76441
0.82647
0.78552
0.81876
0.81285
0.96744
0.90796
0.84499
0.84587
0.87529
0.87634
0.8934
0.92331
0.87994
0.88551
0.80053
0.80053
0.77576
0.82089
0.82089
0.80997
1.1188
1.1154
1.1416
1.1416
0.94231
0.93434
0.93045
0.91178
0.92141
0.93666
0.92731
0.92477
0.90162
0.95851
0.89065
0.95452
0.94449
0.92536
0.8909
0.8888
0.88701
0.88701
0.87119
0.92076
0.94918
0.95562
0.9613
0.9473
1.1742
1.2341
0.94949
0.96992
1.192
0.96857
1.0961
1.2502
0.99573
0.91509
0.91473
1.0216
0.82908
0.83351
0.83025
0.85364
0.87285
0.89391
0.82812
0.87519
0.90175
0.89953
0.88947
0.83606
0.83606
0.83194
1.1808
1.1894
1.1894
1.1083
1.0709
0.9158
0.91534
0.90835
0.92665
0.89087
0.94972
0.91629
0.89145
0.85627
0.95184
0.91338
0.88957
0.88324
0.92092
0.92
0.91832
0.91358
0.89713
0.90803
0.91665
1.1176
0.74417
0.90987
1.0077
1.0961
1.0538
1.0377
1.0565
1.1208
1.2898
1.1104
1.2878
0.68495
0.88443
0.86421
0.85668
0.83817
0.90451
0.84367
0.89904
0.88626
0.89299
0.9052
0.8553
0.8553
0.86194
0.87047
0.87047
0.86948
0.5989
0.5989
0.9575
0.9575
0.63996
0.9317
0.90125
0.90126
0.92015
0.90787
0.94246
0.91608
0.90213
0.91717
0.96979
0.96954
0.8918
0.93166
0.9342
0.94495
0.92847
0.9652
0.95062
0.94495
0.91358
0.88651
0.91913
0.85622
0.95607
0.95607
1.0101
0.89211
0.82953
1.0889
0.82953
1.1265
0.90316
1.1934
0.94138
0.78067
0.72178
0.8647
0.84391
0.91646
0.89927
0.92377
0.89755
0.87818
0.90152
0.88313
0.88926
0.82572
0.92273
0.84111
0.92254
0.92254
0.89388
0.81286
0.81286
0.88218
0.89804
0.9574
0.93492
0.94537
0.93616
0.97921
0.92654
0.9734
0.92481
0.93911
0.93365
0.93633
0.96125
0.93634
0.93634
0.90342
0.92646
0.91204
0.91839
0.87203
0.91672
0.87042
0.94684
0.90571
0.82296
1.1929
1.2818
1.0078
1.0915
0.8309
0.90623
0.77577
0.97789
0.91924
0.96885
0.87419
0.8825
0.89022
0.92918
0.88301
0.887
0.8825
0.88926
0.97789
1.0134
1.1444
1.1444
1.0078
0.90268
0.9104
0.91401
0.93552
0.93504
0.90383
0.9357
0.94191
0.92968
0.94417
0.94962
0.91765
0.87951
0.93438
0.93425
0.92583
0.92875
0.93805
0.91755
0.91755
0.9207
0.92721
0.93314
0.93585
1.0096
0.96239
1.1143
0.70553
0.70191
0.97265
0.93794
0.91876
0.91876
0.9362
0.72355
0.67895
0.77484
0.79696
0.70952
0.87701
0.88265
0.87701
0.89536
0.91072
0.92739
0.9135
0.9146
0.75815
0.75815
1.089
0.92002
0.92351
0.93534
0.91603
0.91783
0.92678
0.90405
0.89296
0.89283
0.89211
0.91915
0.94593
0.91915
0.91965
0.91797
0.89533
0.87995
0.86746
0.92088
0.93059
0.93623
0.93059
0.89941
0.90402
0.93678
0.91356
0.86237
0.90851
0.7711
0.82794
0.68082
0.89604
0.7516
0.88474
0.86994
0.89151
0.86045
0.85086
0.85086
0.96976
0.83526
0.89271
0.91108
0.89271
0.94125
0.92032
0.90851
0.79575
0.88292
0.89718
0.95294
0.89824
0.9602
0.94531
0.93071
0.93177
0.89682
0.93736
0.95897
0.93968
0.89854
0.88875
0.95027
0.91763
0.88131
0.9276
0.93032
0.93897
0.93899
0.95094
0.90717
0.90942
0.9447
0.91756
1.0621
1.0621
0.88615
0.69137
0.96412
0.79395
0.91482
0.94338
0.60343
0.6613
0.72586
0.62802
0.97663
0.74878
0.76961
0.76961
0.8162
0.96195
0.96195
0.88594
0.92798
0.90998
0.90928
0.90805
0.89985
0.89589
0.91362
0.96401
0.93139
0.89964
0.92249
0.9211
0.88619
0.8997
0.95705
0.84423
0.90827
0.95721
0.89996
0.88863
0.89328
0.94541
0.94541
0.95094
0.94108
0.9273
0.9273
0.91926
0.87324
0.94719
0.89985
0.89648
0.93351
1.0521
1.0521
0.64239
0.563
0.88675
0.55515
0.93222
0.7561
0.74265
0.66911
0.72817
0.87301
0.98292
1.0299
0.76957
0.66911
0.7326
0.65918
0.65918
0.74756
0.62481
0.89299
0.88171
0.9015
0.89093
0.88868
0.87855
0.88321
0.89978
0.90887
0.89588
0.92272
0.94371
0.91364
0.91384
0.97474
0.95007
0.9501
0.93932
0.93379
0.91952
0.8997
0.90674
0.91496
0.92086
0.94921
0.91388
0.94921
0.90624
0.90624
0.9071
0.93174
0.98845
0.80294
0.92994
1.0613
0.84333
0.84869
0.63836
0.76023
0.76023
0.71465
0.85569
0.67073
0.77631
0.86281
0.85288
0.8732
1.0371
1.0371
0.90078
0.90094
0.91013
0.89455
0.91567
0.91567
0.89242
0.93981
0.91031
0.94034
0.96575
0.95861
0.92211
0.90159
0.91498
0.90101
0.96617
0.91765
0.92859
0.93366
0.90144
0.91032
0.90128
0.92603
0.87576
0.87576
0.93813
0.95904
0.92273
0.86992
0.8971
0.88535
0.86476
0.72962
0.73435
0.73435
0.82003
0.72629
0.74895
0.80125
0.70613
0.8324
0.67571
0.8296
0.90135
0.92634
0.74174
0.97448
0.90691
0.91046
0.91727
0.89268
0.89386
0.89386
0.92705
0.94587
0.87643
0.93048
0.90672
0.85986
0.92541
0.91749
0.88444
0.87191
0.89994
0.92848
0.9136
0.89014
0.917
0.91611
0.89744
0.89723
0.92757
0.95225
0.89744
0.88504
0.86036
0.92833
0.95442
0.94049
0.95442
0.92634
0.73863
0.75985
0.75985
0.83124
0.78595
0.71254
0.75628
0.82903
0.66811
0.83254
0.90834
0.92525
0.94634
0.65975
0.81359
0.65975
0.8376
0.90824
0.92831
0.92562
0.88692
0.88732
0.95566
0.92131
0.91422
0.91691
0.88071
0.90674
0.93009
0.95323
0.89957
0.94455
0.91307
0.91618
0.89118
0.89482
0.90918
0.92548
0.91131
0.95559
0.89567
0.92548
0.91209
0.93088
0.92453
0.92301
0.94496
0.76648
0.76648
0.82835
0.77228
0.66808
0.79832
0.77753
0.73132
0.87251
0.78694
0.83897
0.9216
0.85533
0.86814
0.85533
0.83123
0.85825
0.90502
0.92669
0.86552
0.8699
0.92669
0.90129
0.92732
0.97253
0.92042
0.97253
0.94396
0.94459
0.95521
0.94466
0.89395
0.90003
0.91078
0.88033
0.92452
0.91355
0.91606
0.92217
0.91945
0.93363
0.93468
0.92955
0.81243
0.86126
0.79468
0.76206
0.76841
0.80197
0.80553
0.79467
0.87465
0.84456
0.84846
0.87277
0.92782
0.89522
0.91535
0.93001
0.93258
0.92989
0.90671
0.91427
0.90671
0.96296
0.88627
0.88593
0.93757
0.90626
0.91879
0.96031
0.90996
0.93962
0.95838
0.95816
0.89338
0.91689
0.93995
0.93652
0.89338
0.93964
0.91606
0.91066
0.91381
0.88314
0.89706
0.92974
0.87981
0.90774
0.91505
0.76578
0.78283
0.78283
0.85171
0.84049
0.85376
0.76501
0.76362
0.80574
0.86109
0.87904
0.82513
0.93825
0.89506
0.92482
0.95322
0.90385
0.90385
0.86911
0.93258
0.93875
0.93875
0.89363
0.87981
0.88936
0.85755
0.91355
0.88114
0.94994
0.91562
0.88113
0.88492
0.90525
0.87725
0.85688
0.84959
0.85688
0.93938
0.89096
0.84732
0.88706
0.9225
0.82816
0.85044
0.89939
0.8557
0.83459
0.83459
0.83116
0.86097
0.83702
0.76498
0.8631
0.8656
0.79184
0.81373
0.8288
0.87071
0.88716
0.88197
0.88879
0.90183
0.93023
0.93023
0.94332
0.9434
0.93978
0.95119
0.95994
0.88654
0.85301
0.86775
0.87423
0.86775
0.91317
0.87705
0.93558
0.90175
0.8895
0.8895
0.89939
0.95082
0.83419
0.8276
0.8276
0.86711
0.83933
0.87435
0.88609
0.88489
0.89069
0.90396
0.92605
0.92605
0.90441
0.9141
0.91886
0.95515
0.95515
0.90541
0.91105
0.88072
0.93654
0.88576
0.87946
0.88576
0.91153
0.90574
0.8947
0.89125
0.93654
0.85922
0.85922
0.85444
0.84002
0.84145
0.8822
0.87298
0.92365
0.88375
0.86399
0.94199
0.90899
0.93594
0.96398
0.94035
0.94238
0.94238
0.91835
0.89125
0.90484
0.8947
0.92614
0.91019
0.83294
0.83294
0.84526
0.83771
0.81923
0.87703
0.82474
0.92
0.93734
0.95246
0.92363
0.95
0.9211
0.9211
0.91131
0.92317
0.90884
0.90884
0.84051
0.84051
0.84568
0.89569
0.88018
0.90344
0.90517
0.90517
0.86961
0.86961
0.86793
0.87757
0.87757
0.88747
0.88926
0.88352
0.93563
0.89784
0.96951
0.88883
0.98369
0.9114
0.90047
0.89479
0.91299
0.9182
0.91092
0.91141
0.91141
0.95291
0.95291
0.8853
1.0085
0.89512
1.1404
1.0549
1.1403
1.0621
1.035
1.0504
0.93522
0.89469
0.93539
0.92496
0.91752
0.94959
0.94817
0.93539
0.94959
0.90484
0.92106
0.89494
0.90635
0.92044
1.0108
1.0019
1.0108
0.97949
0.96572
0.92996
0.93486
0.94059
0.81154
0.83622
0.91085
0.88134
0.91085
0.86677
0.90567
0.82394
1.0518
1.0129
1.0518
1.0065
0.97851
1.0016
1.2366
0.89099
0.87232
0.93277
0.91589
0.88075
0.91569
0.90623
0.89392
0.88719
0.92591
0.88239
0.91058
0.87742
0.87742
0.88239
0.93144
1.213
1.213
1.2562
1.1097
1.1986
1.1281
1.2418
0.89606
0.89897
0.87623
0.88423
0.90084
0.93479
0.93283
0.93479
0.9681
0.9681
0.90526
0.91213
0.91473
0.91465
0.89024
0.88436
0.93335
0.93933
0.92334
0.91281
0.91221
0.92601
0.92601
0.90215
0.92648
0.92439
0.89896
1.3085
1.2023
1.075
1.0343
0.9781
0.86067
0.88436
0.91532
0.91532
0.89907
0.90564
0.92164
0.9026
0.91625
0.91059
0.81381
0.88671
0.88175
0.83195
0.88175
0.88671
0.81381
0.98908
1.1301
1.0534
1.0077
1.0056
0.94972
1.0056
1.0859
0.88883
0.8862
0.83798
0.83201
0.90121
0.88674
1.011
0.98856
0.98856
1.0248
1.169
1.1124
0.93466
0.94143
0.93611
0.93709
0.8136
0.8488
0.84994
0.84584
0.90294
0.89815
0.9005
0.89961
0.87743
0.89961
0.94912
0.94912
1.0914
1.042
1.0784
1.0545
1.0549
1.0618
0.82207
0.8129
0.84208
0.87399
0.93029
0.93583
0.9575
0.953
0.89902
0.90422
1.3122
1.1136
1.2323
1.169
1.1012
1.102
0.96596
1.102
0.96596
0.96946
0.96946
1.0267
1.1461
1.2839
1.292
1.4754
1.3029
1.1212
1.0866
1.197
1.191
0.90703
0.90703
0.90363
0.92777
0.92777
0.96169
0.95309
0.89728
0.94601
0.8933
0.86825
0.91523
0.91339
0.91339
0.82706
0.88674
0.82706
1.4021
1.4345
1.5367
1.5104
1.48
0.92807
0.90829
0.90587
0.8866
0.90993
0.90587
1.6325
0.81691
0.80995
0.84347
1.0708
0.96368
0.95818
0.96819
0.87879
0.93584
0.92534
0.90546
0.94531
0.94531
0.87077
0.82732
0.87232
0.89906
0.97799
0.97105
0.89707
0.93739
0.91782
0.94094
0.93046
0.88792
0.89616
0.91994
0.88792
0.94094
0.93029
0.88611
0.91687
0.88611
0.91473
0.9113
1.2583
1.3747
1.0947
1.0343
0.98213
0.9018
0.93357
0.90965
0.92264
0.91311
0.88159
0.89082
0.95531
1.0063
0.895
0.93513
0.8852
0.88779
0.90809
0.92764
0.90656
0.93478
0.93478
0.90809
1.3747
1.2023
0.81385
0.82498
0.83239
1.1547
1.0056
1.1598
0.94369
0.8944
0.76042
1.006
1.2737
0.91721
0.98172
0.92817
0.88926
0.89075
0.92233
0.93174
0.91017
0.89736
0.92666
0.97304
0.90654
0.88092
0.86162
0.88327
0.89109
0.87332
0.8815
0.84169
1.3711
1.0964
1.1383
0.95414
0.8579
0.87679
0.96943
0.9144
0.92427
0.89463
0.88269
0.90585
1.095
0.89393
0.88537
0.90795
0.87629
0.92439
0.90562
1.3312
0.85041
0.85041
0.90902
0.93672
0.88159
0.87504
0.89512
0.87953
0.84293
0.85476
1.2839
0.93011
0.90323
0.87752
0.91058
0.93398
0.93398
0.89938
1.0317
0.81058
0.76042
0.8853
0.93701
0.85993
0.87242
0.91935
0.94142
0.87104
1.6325
0.89569
0.8797
0.91427
0.92318
0.92783
0.92353
0.89231
0.88361
0.99865
0.85993
0.94456
0.90774
0.89707
1.5367
1.065
1.0817
1.0041
1.191
1.0063
0.79772
0.81691
0.94052
0.93151
0.91668
1.4044
0.95962
0.96749
1.3418
0.90546
0.89847
0.9299
0.90931
0.89938
0.94924
0.9563
0.82979
0.82979
0.92952
0.83951
0.95224
1.0768
0.99534
1.0768
1.1208
0.91516
0.93421
0.81058
0.90811
0.9456
0.90655
0.89987
0.83798
0.84347
0.95318
1.0947
0.92917
