1.0383
1.0383
1.0299
1.0299
1.0377
0.99834
0.99834
0.98223
0.84231
0.84231
0.84974
0.84974
0.89418
0.87648
0.87648
0.84439
0.9468
0.9468
1.0086
0.90904
1.0096
0.9857
0.99131
0.99197
1.0217
0.98286
0.98286
0.97983
1.0068
1.0056
1.0056
1.0045
0.84911
0.89024
0.89024
0.89733
0.85445
0.87423
0.89718
0.8798
0.95324
0.95324
0.92433
0.94964
1.0254
0.95324
1.0254
1.0254
0.93483
0.91856
0.91835
0.91856
0.99517
0.98749
0.9787
0.99561
0.94906
1.0483
1.0336
1.0465
1.0483
1.0224
0.88679
0.9313
0.89603
0.90796
0.9779
1.0466
1.0488
1.0055
0.95401
0.98036
1.0439
1.0439
1.0438
1.0438
1.0737
1.0633
1.0388
0.94688
0.93168
0.95916
0.94906
0.97583
1.0367
1.0275
1.0411
1.034
1.0209
1.0432
1.0432
1.0484
1.0263
1.0263
0.96042
1.0775
1.0826
1.095
1.0426
1.06
0.98801
1.0334
1.1248
1.1248
1.0273
1.0843
1.1413
1.0487
1.0598
1.0568
1.0182
1.0561
1.0333
1.0031
0.99918
1.0274
1.0035
1.0732
1.0075
1.0497
1.1034
1.1241
1.0885
1.1027
1.1135
1.1223
1.2546
1.1942
1.2588
1.2588
1.1942
1.1859
1.2541
1.1299
1.1481
1.2086
1.0817
1.057
0.99882
1.1248
1.0985
1.0191
1.0241
0.99552
0.99552
1.0028
1.0497
1.1043
1.1377
1.356
1.3444
1.3444
1.2347
1.2049
1.2665
1.3394
1.195
1.2481
1.029
1.029
1.0338
1.0805
1.0805
1.1882
1.1718
1.1084
1.0427
1.1882
0.97322
1.0431
0.97322
1.0355
1.3743
1.363
1.3817
1.5159
1.5159
1.3517
1.4147
1.381
1.1849
1.4147
1.0593
1.0602
1.0602
1.1135
1.1668
1.0964
1.0964
1.0602
1.4952
1.5923
1.5923
1.4532
1.5037
1.4968
1.4469
1.4877
1.2239
1.4968
1.2239
1.0605
1.0605
1.0583
1.1292
1.1377
1.0966
1.0966
1.1255
1.0565
1.0724
1.0565
1.2302
1.0923
1.2284
1.1685
1.6585
1.3568
1.9029
1.9173
1.9173
1.5859
1.629
1.6201
1.3568
1.3124
1.6201
1.4064
1.2046
1.1475
1.1319
1.2302
1.1064
1.1639
1.2273
1.2273
1.1364
1.2294
1.1838
1.1838
1.7704
1.3011
1.8869
1.8815
1.8815
1.7859
1.7782
1.4771
1.3011
1.3068
1.4401
1.377
1.1553
1.1074
1.173
1.2748
1.289
1.3199
1.2897
1.3332
1.3117
1.3117
1.3403
1.3403
1.5799
1.5491
1.7764
1.2902
1.2902
1.602
1.602
1.503
1.8608
1.5899
1.6887
1.5734
1.6221
1.4577
1.4052
1.3993
1.3228
1.3779
1.3081
1.4025
1.3875
1.5415
1.5415
1.4149
1.4149
1.5224
1.4423
1.4993
1.2073
1.2073
1.4038
1.2172
1.1218
1.229
1.1022
1.3354
1.4415
1.4085
1.4852
1.4866
1.3769
1.4592
1.4462
1.6383
1.5745
1.5768
1.7042
1.7042
1.5995
1.4313
1.4699
1.1143
1.0433
1.0433
1.0391
1.086
0.92198
1.1046
0.93939
0.98136
1.2489
1.1116
1.1117
1.274
1.3146
1.4493
1.3238
1.4802
1.5781
1.4889
1.4779
1.6484
1.5537
1.6484
1.6032
1.6789
1.4145
0.93488
0.9208
0.9208
0.98895
0.97823
0.9272
0.94979
0.95355
0.94346
0.93156
0.94327
1.0164
1.0187
1.0238
1.012
1.1638
1.1074
1.2844
1.1836
1.3354
1.1891
1.4025
1.3029
1.4736
1.4071
1.3834
1.3252
1.3252
1.2989
0.83939
0.88206
0.80097
0.83939
0.91411
0.90041
0.88608
0.88434
0.88469
0.87999
0.92509
0.86424
0.92245
0.9337
0.9372
0.93689
0.94904
0.99203
0.97703
0.9406
1.1297
1.0631
1.1528
1.106
1.2418
1.1766
1.3021
1.2127
1.2571
1.2076
1.1904
1.239
1.1577
1.1904
1.2173
0.85789
0.86966
0.86424
0.85951
0.85951
0.85375
0.84939
0.88178
0.85148
0.87661
0.84402
0.87387
0.87924
0.87596
0.88248
0.88468
0.8953
0.89888
0.90905
0.92905
0.97579
0.93995
0.92521
0.99451
0.96911
1.0507
1.0188
1.0947
1.0516
1.0669
1.098
1.1226
1.0907
1.029
1.0423
1.0942
1.0294
1.0526
1.0839
1.0839
1.0322
0.8535
0.83858
0.8506
0.85004
0.83223
0.83223
0.84176
0.86417
0.88114
0.86412
0.84894
0.8419
0.89811
0.8825
0.91073
0.88564
0.87682
0.88929
0.90897
0.88519
0.89512
0.87237
0.90176
0.90534
0.91049
0.90958
0.91538
0.90283
0.93791
0.91027
0.97371
0.97445
0.9906
0.97155
0.9955
0.97905
1.0095
0.97673
1.0012
1.0023
1.0059
0.97841
1.0117
0.99065
0.96323
0.9912
1.0084
1.009
1.0084
0.99849
0.84773
0.83821
0.86357
0.84497
0.84915
0.83035
0.82847
0.8162
0.87127
0.87717
0.8815
0.9186
0.86614
0.8782
0.88651
0.88155
0.89684
0.90302
0.89492
0.89383
0.88458
0.88935
0.88744
0.89993
0.8916
0.90493
0.87017
0.89508
0.94925
0.91747
0.9262
0.93849
0.95849
0.9625
0.96314
0.94938
0.9688
0.98994
0.99789
0.98317
0.98015
0.99653
0.96801
0.98795
0.9588
0.97079
0.96545
0.95595
0.95491
0.95214
0.96321
0.96281
0.96916
0.97082
0.9644
0.83319
0.84545
0.8613
0.86123
0.83278
0.84267
0.83824
0.8273
0.83493
0.85673
0.82111
0.83311
0.87978
0.87472
0.88909
0.89807
0.90296
0.88835
0.89621
0.90497
0.89483
0.9058
0.90663
0.88899
0.90352
0.89332
0.88591
0.90261
0.91109
0.87224
0.88092
0.90235
0.87978
0.9799
0.97685
0.95159
0.92221
0.95416
0.96166
1.0394
0.99266
1.0019
1.0164
1.0113
0.94718
1.0076
0.99018
0.93412
0.96272
0.95146
0.93718
0.93307
0.95092
0.93068
0.92087
0.91647
0.93835
0.93118
0.94767
0.94128
0.94327
0.95616
0.94327
0.9644
0.94588
0.85825
0.84506
0.8377
0.87692
0.8742
0.82235
0.83686
0.83568
0.83568
0.82864
0.82867
0.89055
0.89636
0.91407
0.90946
0.91433
0.91262
0.90134
0.90953
0.90205
0.91567
0.92285
0.92594
0.91995
0.9178
0.9227
0.91894
0.93309
0.90475
0.90255
0.90756
0.8995
0.9448
0.93244
0.99402
0.97351
1.0335
1.0663
0.98725
0.98446
0.95089
1.0358
1.0582
1.0555
1.0816
1.0859
0.95688
1.013
1.0003
0.9127
0.95265
0.9402
0.92195
0.92941
0.91264
0.93145
0.91122
0.91122
0.95015
0.94381
0.94381
0.86402
0.90188
0.91403
0.92531
0.89089
0.88055
0.90311
0.90811
0.9002
0.93071
0.91468
0.95788
0.91992
0.93122
0.91884
0.94247
0.95462
0.95462
0.87064
0.86063
0.87064
0.8489
0.87063
0.85994
0.84179
0.84478
0.89647
0.8859
0.83267
0.83422
0.83466
0.83466
0.91113
0.91043
0.90728
0.91267
0.94099
0.94662
0.92277
0.92783
0.93809
0.91901
0.92797
0.9295
0.91448
0.95716
0.93231
0.91424
0.91695
0.91889
0.93171
0.96573
1.0233
1.0048
1.0834
1.1667
1.1572
1.1685
0.97609
1.0164
1.0135
1.133
1.167
1.1064
1.1302
0.96757
0.94138
0.95963
1.0582
0.99698
0.93941
0.92002
0.90989
0.90234
0.93096
0.97609
0.93268
0.91303
0.9521
0.9521
0.90745
0.92012
0.90103
0.89851
0.89851
0.9213
0.92149
0.92149
0.88201
0.90262
0.91287
0.9162
0.88952
0.92799
0.92189
0.92996
0.92449
0.91529
0.92022
0.92169
0.92446
0.92966
0.92449
0.9536
0.88209
0.84852
0.87585
0.89112
0.88948
0.83655
0.85509
0.91789
0.91067
0.85869
0.85877
0.85652
0.84698
0.91446
0.94582
0.92324
0.93639
0.95403
0.95127
0.94165
0.92143
0.92846
0.92526
0.92808
0.92981
0.9192
0.95964
0.93755
1.1206
1.0904
1.2414
1.3345
1.3681
1.2608
1.0904
0.95569
1.2266
1.3179
1.111
1.23
0.88723
0.95739
0.92733
0.90119
1.0868
0.97775
0.88137
0.87723
0.88139
0.88653
0.87989
1.4223
1.4223
1.6062
1.6062
1.3515
1.406
1.1941
0.9192
0.89819
0.89875
0.89504
0.91793
0.91996
0.90615
0.90793
0.92197
0.92197
0.90758
0.88967
0.91324
0.91588
0.91837
0.91291
0.91727
0.91205
0.9135
0.92028
0.92028
0.90705
0.93782
0.93782
0.9244
0.92255
0.94299
0.94299
0.92879
0.88173
0.87884
0.87829
0.89402
0.89736
0.91183
0.91883
0.87108
0.87765
0.9292
0.87642
0.87563
0.87662
0.87228
0.97143
0.94391
0.95475
0.95171
0.95646
0.96656
0.93648
0.95783
0.97354
0.9748
1.5408
1.692
1.4734
1.3292
1.4669
1.087
1.1839
1.1258
0.923
0.91422
0.87483
0.87091
0.98191
0.90931
0.85525
0.86637
0.85624
0.86402
0.88442
0.86589
1.514
1.514
1.4009
1.4009
0.91106
0.90046
0.90231
0.90942
0.90611
0.91132
0.91291
0.9124
0.91442
0.91954
0.91593
0.90961
0.90897
0.90897
0.90779
0.90499
0.90428
0.95783
0.94433
0.89663
0.89444
0.8999
0.88906
0.9245
0.91429
0.94341
0.88097
0.89294
0.88982
0.88982
0.9601
0.94923
0.97574
0.94868
0.96291
0.95429
0.97168
0.97174
0.96991
0.97168
1.3991
1.463
1.2042
1.2126
1.1096
1.0832
1.0832
0.97434
1.0641
0.79347
0.86703
0.7849
0.81853
0.80607
0.95029
0.89685
0.84485
0.81823
0.87227
0.85483
0.89877
0.87979
0.88887
1.25
1.25
1.2727
1.2727
0.90172
0.91277
0.91377
0.90247
0.91268
0.9117
0.9193
0.92894
0.90196
0.89569
0.90403
0.88989
0.90897
0.90796
0.90481
0.90403
0.88989
0.92566
0.9296
0.90561
0.91021
0.89981
0.9136
0.90289
0.93458
0.92452
0.94417
0.913
0.9665
0.97092
0.94986
0.95643
0.95888
0.97305
0.97305
0.96991
1.1966
1.1828
1.2087
1.1531
1.0308
1.0691
1.1944
1.1576
0.97457
0.99209
0.74502
0.88828
0.85924
0.77972
0.77794
0.76676
0.82714
0.772
0.96579
0.95544
0.84317
0.83383
0.88156
0.86972
0.8981
0.88852
0.89337
0.90696
0.85924
0.757
0.87274
0.90671
1.0916
1.0889
1.0916
1.1058
1.1058
1.1534
1.1412
1.0526
0.90703
0.92056
0.90925
0.91598
0.93245
0.92245
0.93057
0.92088
0.9196
0.92478
0.92832
0.91568
0.92206
0.91564
0.9201
0.91291
0.97499
0.97499
0.96627
0.96627
0.92861
0.92861
0.92861
0.96812
0.95692
0.95692
0.94307
0.93687
0.95822
1.2048
1.0513
1.1037
1.0839
0.97037
0.99505
1.1707
1.0828
1.08
0.95561
0.9585
0.95544
0.99881
0.99881
0.75733
0.75733
0.79309
0.79201
0.77914
0.8236
0.81973
0.95561
0.99697
0.86821
0.86069
0.89455
0.87808
0.89732
0.90994
0.90256
0.90485
0.78974
0.78974
0.81287
0.82291
0.82291
0.8317
1.1075
1.1047
1.144
1.144
1.1196
0.923
0.92964
0.91167
0.92276
0.92288
0.92379
0.91456
0.92556
0.9067
0.90994
0.91728
0.93304
0.92461
0.913
0.90942
0.92891
0.92891
0.92211
0.91806
0.92689
0.92495
0.98354
1.0249
0.9943
0.95864
0.92937
0.95296
0.95707
1.0386
1.0435
1.0134
1.0254
1.0223
1.1166
1.0616
0.82247
0.85952
0.85816
0.8755
0.86915
0.89552
0.88952
0.90454
0.90658
0.89815
0.90292
0.87163
0.87163
0.86432
1.0116
0.99942
0.99942
1.0227
1.0224
0.92525
0.91868
0.92255
0.92765
0.9209
0.9221
0.92625
0.92137
0.91439
0.9296
0.91296
0.92079
0.92441
0.92762
0.93042
0.93158
0.91894
0.9146
0.9227
0.92905
0.96956
1.0123
0.97145
0.92224
0.94502
0.93052
0.92723
0.97787
1.0767
1.0212
0.93977
0.99259
0.97994
1.0499
0.87973
0.88289
0.89412
0.90433
0.9039
0.91212
0.91571
0.90843
0.9109
0.87471
0.87471
0.89451
0.89065
0.89065
0.90101
0.91017
0.91017
0.92998
0.92998
0.92046
0.9187
0.92486
0.91599
0.91869
0.92248
0.92696
0.92506
0.9181
0.91252
0.92254
0.91793
0.93493
0.91689
0.91369
0.92593
0.92043
0.92182
0.91548
0.92593
0.91894
0.91782
0.92036
0.93904
0.92398
0.92398
0.9081
0.88564
0.87938
0.88813
0.87938
1.0617
0.95409
1.0622
0.97256
0.852
0.89615
1.0267
0.90187
0.90594
0.91048
0.91749
0.91637
0.9112
0.91479
0.90932
0.91586
0.83633
0.94133
0.95519
0.93008
0.93008
0.92174
0.87251
0.87251
0.91821
0.92392
0.92723
0.92713
0.9249
0.92007
0.93298
0.91975
0.9336
0.93854
0.93274
0.92713
0.92641
0.92729
0.92317
0.92317
0.92091
0.9123
0.92976
0.92435
0.9295
0.92995
0.95613
0.90924
0.95679
1.0392
0.90654
0.95463
0.92997
0.97746
0.78958
0.88359
1.0063
0.7597
0.79172
0.78062
0.9167
0.91881
0.90975
0.92237
0.91903
0.90635
0.91881
0.91586
0.7597
0.92059
0.9519
0.9519
0.92997
0.91184
0.92437
0.92656
0.92159
0.92887
0.92657
0.92386
0.92295
0.93479
0.93126
0.93107
0.92974
0.93436
0.94569
0.93266
0.93218
0.93019
0.92448
0.92755
0.92755
0.93772
0.93238
0.9185
0.92507
0.86982
0.85675
0.9832
0.98848
0.89812
0.89583
0.87399
0.92136
0.92136
0.93274
0.74938
0.74451
0.77354
0.83381
0.79135
0.9098
0.91537
0.9098
0.90152
0.9125
0.91915
0.90559
0.898
0.86275
0.86275
0.96736
0.9219
0.91751
0.91937
0.91789
0.90962
0.91555
0.94438
0.93981
0.92373
0.92823
0.93715
0.92436
0.92626
0.92674
0.93241
0.93678
0.93831
0.93954
0.92407
0.91772
0.92856
0.91772
0.92641
0.92493
0.92282
0.92672
0.83526
0.78747
0.91725
0.91534
0.91786
0.8549
0.9079
0.91229
0.73346
0.87555
0.74554
0.73091
0.73091
0.82693
0.71608
0.90895
0.90753
0.90895
0.89773
0.91303
0.78747
0.78883
0.91923
0.92371
0.92718
0.92067
0.91853
0.9189
0.91102
0.92886
0.92611
0.9197
0.9219
0.92712
0.92985
0.93826
0.93501
0.92137
0.92402
0.92106
0.91896
0.92871
0.92548
0.92321
0.9269
0.93185
0.92471
0.91917
0.80268
0.80268
0.85721
0.88167
0.90898
0.87485
0.86491
0.85146
0.88491
0.75702
0.72269
0.73483
0.85534
0.79164
0.74714
0.74714
0.73298
0.91793
0.91793
0.90591
0.91176
0.91532
0.90643
0.90835
0.91159
0.91442
0.90772
0.93679
0.92264
0.92576
0.92346
0.91965
0.92209
0.91542
0.92815
0.92659
0.92095
0.92218
0.92781
0.92492
0.93448
0.91721
0.91721
0.92321
0.92507
0.92957
0.92957
0.92281
0.92485
0.92797
0.91159
0.91882
0.91962
0.86627
0.86627
0.82737
0.86963
0.85353
0.80913
0.86437
0.91131
0.74649
0.69933
0.73515
0.82527
0.76984
0.915
0.84061
0.69933
0.75484
0.82962
0.82962
0.80674
0.84199
0.91801
0.91099
0.9198
0.91837
0.91051
0.91325
0.91429
0.90979
0.92398
0.92845
0.91845
0.92755
0.92286
0.91528
0.92336
0.91989
0.91946
0.91578
0.92073
0.92087
0.91072
0.91506
0.90985
0.92223
0.92144
0.92148
0.92144
0.93684
0.93684
0.92053
0.91748
0.81749
0.8806
0.8908
0.85585
0.882
0.89936
0.71656
0.69971
0.69971
0.79149
0.76604
0.72347
0.86177
0.798
0.90669
0.84758
0.84935
0.84935
0.90532
0.90363
0.92892
0.92222
0.91623
0.91623
0.91039
0.91252
0.91376
0.91442
0.90741
0.91189
0.91749
0.91256
0.90968
0.91926
0.91901
0.92542
0.92495
0.9144
0.93294
0.93567
0.91698
0.92143
0.92745
0.92745
0.92117
0.91911
0.90609
0.88489
0.88146
0.86446
0.89932
0.71342
0.73046
0.73046
0.75508
0.75677
0.72955
0.8215
0.79031
0.85589
0.83852
0.87434
0.88563
0.87803
0.85894
0.83315
0.92074
0.9254
0.91611
0.92825
0.92713
0.92713
0.93336
0.91127
0.91559
0.91483
0.91515
0.91847
0.9161
0.90499
0.92356
0.91877
0.91047
0.90932
0.91799
0.91072
0.92105
0.9151
0.91588
0.91962
0.91789
0.91545
0.91588
0.91736
0.93469
0.9229
0.86621
0.88198
0.86621
0.87803
0.72636
0.75889
0.75889
0.7744
0.78408
0.74606
0.72463
0.79981
0.77966
0.85421
0.82778
0.88631
0.86724
0.67145
0.87551
0.67145
0.90271
0.82924
0.92812
0.93392
0.93118
0.9236
0.93395
0.91658
0.91178
0.9207
0.92172
0.91885
0.92042
0.90294
0.90905
0.9045
0.91862
0.92152
0.91535
0.91715
0.91804
0.91519
0.92007
0.91486
0.91393
0.91519
0.91586
0.92323
0.91451
0.92739
0.91116
0.76261
0.76261
0.74643
0.7682
0.80096
0.79481
0.85702
0.82816
0.88257
0.86835
0.86551
0.884
0.86712
0.85167
0.86712
0.86202
0.84215
0.92382
0.92502
0.92251
0.93067
0.92502
0.91269
0.91847
0.97824
0.92435
0.97824
0.921
0.91244
0.92163
0.91643
0.9113
0.91878
0.91594
0.91287
0.91471
0.91851
0.90261
0.90924
0.90555
0.91804
0.91216
0.91608
0.92167
0.9197
0.77904
0.75905
0.79023
0.81465
0.77983
0.76332
0.84002
0.75508
0.87418
0.86809
0.89106
0.88671
0.90138
0.88745
0.84074
0.92988
0.92526
0.93008
0.92526
0.91609
0.92511
0.93288
0.91285
0.91672
0.92363
0.92401
0.92095
0.92259
0.92039
0.92439
0.91311
0.91255
0.90804
0.91846
0.91311
0.9069
0.90261
0.90879
0.90545
0.91994
0.91648
0.92469
0.91833
0.92659
0.92933
0.779
0.79017
0.79017
0.86162
0.86132
0.80249
0.79911
0.81498
0.81927
0.8039
0.8765
0.85627
0.89992
0.87973
0.89625
0.89406
0.89704
0.89704
0.86218
0.84074
0.90731
0.90731
0.88157
0.91833
0.91991
0.92458
0.92179
0.91958
0.92318
0.92809
0.91537
0.91932
0.9213
0.91786
0.90994
0.91935
0.90994
0.9129
0.91755
0.91
0.90971
0.91601
0.9248
0.92653
0.92373
0.92384
0.81611
0.81611
0.82675
0.84073
0.82412
0.83616
0.8435
0.84233
0.83004
0.87898
0.85309
0.89141
0.90565
0.90427
0.89803
0.90766
0.91003
0.91003
0.9194
0.92231
0.92013
0.92653
0.9181
0.91967
0.90984
0.92209
0.911
0.92209
0.92642
0.91833
0.91855
0.92007
0.92046
0.92046
0.92373
0.92315
0.84277
0.84423
0.84423
0.86977
0.86726
0.86775
0.87557
0.88825
0.87037
0.9089
0.91425
0.91425
0.94303
0.91252
0.967
0.95279
0.95279
0.93101
0.92014
0.9134
0.92301
0.90743
0.91334
0.90743
0.90975
0.89759
0.91051
0.90819
0.92301
0.87715
0.87715
0.86973
0.86457
0.85474
0.87221
0.86125
0.90702
0.90533
0.88756
0.93265
0.92698
0.95605
0.93433
0.95711
0.95002
0.95002
0.88375
0.90819
0.91645
0.91051
0.91847
0.90735
0.86758
0.86758
0.86592
0.85212
0.84833
0.87998
0.85817
0.9282
0.89523
0.9312
0.93635
0.94113
0.92596
0.92596
0.93167
0.9023
0.90252
0.90252
0.85061
0.85061
0.85719
0.89213
0.88525
0.92041
0.89561
0.89561
0.89164
0.89164
0.88737
0.88924
0.88924
0.89283
0.8987
0.88246
0.96047
0.89104
0.94842
0.89494
0.93912
0.9099
0.90897
0.91963
0.90721
0.90409
0.90765
0.9048
0.9048
0.9553
0.9553
0.92539
0.95781
0.91325
1.081
1.0519
1.0699
1.0607
1.0665
1.0367
0.9162
0.9115
0.91787
0.91629
0.91816
0.91363
0.91038
0.91787
0.91363
0.90344
0.91534
0.89406
0.90822
0.91415
1.0201
1.018
1.0201
1.015
1.0077
0.96881
0.96946
0.98458
0.8582
0.87945
0.89736
0.883
0.89736
0.85058
0.85239
0.84495
1.0465
1.0117
1.0465
0.99772
0.96678
1.0036
1.1961
0.89458
0.86092
0.90697
0.92321
0.89421
0.91065
0.88104
0.88919
0.87881
0.9104
0.89777
0.90565
0.8936
0.8936
0.89777
0.90901
1.1876
1.1876
1.2497
1.1361
1.176
1.1117
1.1711
0.90852
0.89181
0.89103
0.87644
0.87796
0.92655
0.92467
0.92655
0.9465
0.9465
0.90918
0.89483
0.90189
0.90385
0.92251
0.91712
0.91054
0.92211
0.92777
0.91764
0.92523
0.91966
0.91966
0.92542
0.92565
0.91918
0.92212
1.24
1.1182
1.093
1.0995
1.0074
0.9218
0.91712
0.91154
0.91154
0.92398
0.9067
0.91577
0.90545
0.91033
0.91488
0.84197
0.87591
0.88428
0.85844
0.88428
0.87591
0.84197
1.002
1.0976
1.0111
0.98704
1.0204
0.96267
1.0204
1.0056
0.89494
0.88896
0.88979
0.88719
0.88061
0.95923
1.018
1.0194
1.0194
1.0117
1.1255
1.0971
0.92246
0.92257
0.91322
0.90863
0.85581
0.87989
0.87813
0.86249
0.90587
0.89393
0.88849
0.92614
0.92715
0.92614
0.9195
0.9195
1.0519
0.95801
1.038
0.97765
1.0519
1.0694
0.86048
0.8439
0.85188
0.87168
0.9054
0.92438
0.9376
0.92524
0.8886
0.90909
1.3493
1.1463
1.2989
1.1255
1.1087
1.0996
0.97891
1.0996
0.97891
1.046
1.046
1.0853
1.1788
1.2659
1.2801
1.4382
1.1805
1.1301
1.0558
1.1705
1.2093
0.91158
0.91158
0.92446
0.91117
0.91117
0.95731
0.92824
0.90946
0.93535
0.9087
0.90507
0.89897
0.90731
0.90731
0.87509
0.95923
0.87509
1.3767
1.4265
1.4398
1.4863
1.403
0.91362
0.91409
0.90853
0.90999
0.91234
0.90853
1.4845
0.84706
0.84008
0.88397
1.0198
0.95731
0.92764
0.9289
0.9139
0.92508
0.99754
0.88175
0.91631
0.91631
0.89068
0.87039
0.86092
0.89082
0.93108
0.95794
0.93125
0.92827
0.88801
0.89658
0.90366
0.89103
0.89588
0.89824
0.89103
0.89658
0.9054
0.9043
0.90304
0.9043
0.90189
0.91586
1.1822
1.2254
1.0203
1.0995
0.97679
0.90987
0.9053
0.90458
0.92054
0.90519
0.89018
0.88648
0.95816
0.9704
0.90271
0.93275
0.88588
0.88544
0.93302
0.91668
0.91825
0.922
0.922
0.93302
1.2254
1.1182
0.87227
0.8659
0.86118
1.0666
0.98138
1.1147
0.98798
0.90612
0.79509
1.1034
1.4062
0.92072
0.89828
0.90574
0.89621
0.90437
0.90621
0.91417
0.92373
0.88438
0.92128
0.91152
0.90933
0.89096
0.8696
0.88467
0.90066
0.90295
0.88985
0.86864
1.4037
1.1029
1.1123
0.922
0.86448
0.88987
0.96759
0.91077
0.92781
0.89927
0.89678
0.90704
1.0858
0.91182
0.88263
0.9193
0.91971
0.91918
0.91888
1.368
0.78622
0.78622
0.90514
0.9128
0.89018
0.9031
0.91325
0.89676
0.86202
0.86888
1.2659
0.92338
0.91962
0.90247
0.89788
0.91525
0.91525
0.90642
1.0847
0.82454
0.79509
0.92539
0.90205
0.881
0.91125
0.90326
0.90719
0.89364
1.4845
0.92288
0.91668
0.88648
0.90704
0.9121
0.92063
0.88308
0.87495
0.95708
0.881
0.91372
0.91064
0.93125
1.4398
1.0563
1.0067
1.0218
1.2093
0.9704
0.83081
0.84706
0.91395
0.9111
0.92284
1.3404
0.93837
0.97457
1.2241
0.88175
0.88162
0.90031
0.9078
0.90642
0.95906
1.0184
0.80863
0.80863
0.90017
0.86098
0.94414
1.0588
1.0426
1.0588
1.0767
0.9128
0.92186
0.82454
0.89419
0.91404
0.88729
0.91531
0.88979
0.88397
0.93782
1.0203
0.90589
